2.365376303120024915e+01,-1.084552646650699792e+01,4.438532021684309825e+01
2.293589447734088438e+01,-1.175717509201698086e+01,4.332330607043784454e+01
2.313923468880755152e+01,-1.271542627035336004e+01,4.753551061854062709e+01
2.375470490096293830e+01,-1.169707188012735699e+01,4.784547458048714930e+01
2.444796474769753303e+01,-1.158685811758503803e+01,4.899888352891381516e+01
2.460323633413380051e+01,-1.261558390926706075e+01,4.989877055846681486e+01
2.358647732970734978e+01,-1.270276977586633294e+01,4.287101527079010310e+01
2.376515061707072363e+01,-1.332429768228812073e+01,4.345020741003281017e+01
2.359143932719531023e+01,-1.061072560221175642e+01,4.468234968547132979e+01
2.351748209305100801e+01,-1.267758723582209512e+01,4.511243944618342283e+01
2.424049327666060449e+01,-1.003519714112239569e+01,4.538013565399186433e+01
2.345327143713118900e+01,-1.251732294061559791e+01,4.436445153957178178e+01
2.327568034734304447e+01,-1.203332294013062231e+01,4.545375293092718039e+01
2.408173586536362265e+01,-1.028427196029977964e+01,4.552818674638728424e+01
2.321369210812924067e+01,-1.238353154529434086e+01,4.604212696722496645e+01
2.312892676956131766e+01,-1.293017690888357585e+01,4.604873555561948706e+01
2.377802630661605932e+01,-1.481926580605900412e+01,4.533887971307157727e+01
2.479177993584396589e+01,-1.011030892931108305e+01,4.677962040718862369e+01
2.429121804492458381e+01,-1.122366463731659181e+01,4.759832761297133175e+01
2.515951375047523086e+01,-9.925689499097765989e+00,4.690453029148270048e+01
2.637840434098662001e+01,-9.212245220181751293e+00,4.632138624477413913e+01
2.306725656552483272e+01,-1.301516324297845095e+01,4.674038737716664826e+01
2.298057556428680215e+01,-1.406730113237475344e+01,4.695421540228630874e+01
2.401689331690547746e+01,-1.483404824350235351e+01,4.508086701105393956e+01
2.324999601468138266e+01,-1.490519951684358624e+01,4.627420518234622193e+01
2.415285264939734233e+01,-1.109982836776167758e+01,4.729256380926730685e+01
2.317362638577602496e+01,-1.618057010361536285e+01,4.534599302390640219e+01
2.362284059247283352e+01,-1.471335796840529397e+01,4.549301498910087815e+01
2.268525651349408889e+01,-1.653251128462089881e+01,4.589726491094346983e+01
2.352339125445047330e+01,-1.435665179835532435e+01,4.589828301651502329e+01
2.293223475544923673e+01,-1.444271398256353223e+01,4.775804040796024452e+01
2.270892742407040288e+01,-1.674090231294792019e+01,4.584364270784209339e+01
2.309223314312053432e+01,-1.433939104848755974e+01,4.792674720917682407e+01
2.311953734690318996e+01,-1.418229897105947757e+01,4.798397759903886595e+01
2.479802811253677675e+01,-1.052449925632737049e+01,4.771099954221148209e+01
2.533022484005368113e+01,-9.941837092022460354e+00,4.727165346560045123e+01
2.496038093741699626e+01,-1.100046228357424916e+01,4.888249289724163305e+01
2.663986096882031873e+01,-9.210994608813251716e+00,4.668664586217489898e+01
2.636808663607992287e+01,-9.387865664733649140e+00,4.750213028948211047e+01
2.557734123223623257e+01,-1.080400779397295885e+01,4.938719911402341722e+01
2.673912002681328204e+01,-9.336383603809945697e+00,4.805791560204221469e+01
2.631716021581503639e+01,-1.007908693456455929e+01,4.927411224330106876e+01
2.482119580274924786e+01,-1.235088532865292521e+01,5.000456775139360133e+01
2.492972567254765792e+01,-1.230755581351719563e+01,5.012007160275470596e+01
2.557208121557036762e+01,-1.147553886041143656e+01,5.011023964397905672e+01
2.817515991207456949e+01,-9.084499456781745863e+00,4.774514720292592784e+01
2.663731305295276997e+01,-1.028340166248015919e+01,4.986065147145847476e+01
2.612621488270393755e+01,-1.121281710569765266e+01,5.043023595791554925e+01
2.536038654507461487e+01,-1.224127041761249757e+01,5.092955490053117273e+01
2.741368446063035691e+01,-9.976999245256612525e+00,5.009608909588451553e+01
2.838232387363422404e+01,-9.362924091929262005e+00,4.938156250438149897e+01
2.625737930740247705e+01,-1.141220603714886650e+01,5.083094084980159977e+01
2.605409005851241488e+01,-1.171178958422616390e+01,5.110475119480821604e+01
2.810278172393486784e+01,-1.061988668824437809e+01,5.107127992597536092e+01
2.791889053965262235e+01,-1.090717904042460518e+01,5.132270577797173416e+01
2.900319426011690993e+01,-9.448506007349099178e+00,4.968669804768441622e+01
2.975486121049904042e+01,-9.254596276645008501e+00,4.938497533917384885e+01
2.896979395473015728e+01,-1.029746230357353554e+01,5.087618190101367333e+01
2.729031739716877070e+01,-1.161429185103652983e+01,5.215974480980875683e+01
2.810932383496286491e+01,-1.117700325370400805e+01,5.173701496083056384e+01
2.730407243080804136e+01,-1.189978297100963722e+01,5.263150856607392569e+01
2.956380534430774532e+01,-1.040213234510508222e+01,5.100397273578295199e+01
3.036186834405760493e+01,-9.714221676976059427e+00,5.018168671950649440e+01
2.799715833674045840e+01,-1.129977005674091473e+01,5.189850654202950153e+01
2.925965326227295904e+01,-1.037041485652677331e+01,5.081393267269860559e+01
2.883897228016985892e+01,-1.075829005676652805e+01,5.173714773824229951e+01
3.087072135409201934e+01,-9.728627562994407896e+00,5.020175354934322343e+01
2.741361844855841312e+01,-1.188841722058638162e+01,5.273198476825330516e+01
2.792937724038593572e+01,-1.154729803452638315e+01,5.267412784008665483e+01
3.066274535356602371e+01,-1.010655106073536835e+01,5.105322031149162143e+01
3.107152721652516192e+01,-9.943078863306292092e+00,5.065526435392364135e+01
3.005581142216722768e+01,-1.097070551028418883e+01,5.283048855519907505e+01
3.131920550781924817e+01,-1.086609601029767447e+01,5.239310991539122142e+01
3.110352044473647481e+01,-1.098617809136679213e+01,5.258394924256884195e+01
2.855751603829499530e+01,-1.136160382234273492e+01,5.355609737869438192e+01
3.003233179220921656e+01,-1.095218158392319374e+01,5.291026716504382676e+01
3.184398294698764786e+01,-1.080299976278202934e+01,5.237010818965740810e+01
3.127477322183202801e+01,-1.101411249939360637e+01,5.246397392357086176e+01
3.075995757213106430e+01,-1.098979304721201622e+01,5.310680783497378599e+01
3.155589973266318538e+01,-1.095609243472149075e+01,5.237480803901624427e+01
3.184495225545888175e+01,-1.080345781066661992e+01,5.237147016860574666e+01
3.084495304154773621e+01,-1.095903550312752550e+01,5.376281205999325863e+01
3.023784189266341116e+01,-1.095382971716469278e+01,5.472162968606170352e+01
3.166105064744337838e+01,-1.102508746555331420e+01,5.384715904001119924e+01
3.229379211323505672e+01,-1.097929524853784500e+01,5.355497519259301242e+01
3.207898116755058027e+01,-1.101951552401566659e+01,5.361297579389946577e+01
3.248248141970671554e+01,-1.053965130832806807e+01,5.272149547693958738e+01
3.060192042551019753e+01,-1.100009313511935716e+01,5.527455794051040527e+01
3.033229164436283654e+01,-1.104393403163578036e+01,5.587851576830126987e+01
3.175217015153695854e+01,-1.100653394616874436e+01,5.445800151991526405e+01
3.127848250738175651e+01,-1.099188837263425889e+01,5.527716217037093571e+01
3.250750136501685716e+01,-1.097740837830986038e+01,5.365502284481861039e+01
3.259890704423155228e+01,-1.102277628731086168e+01,5.422954102737642756e+01
3.227001654029773192e+01,-1.103729357920611420e+01,5.452542498618227285e+01
3.068236858995780025e+01,-1.102291264304774288e+01,5.612843387793655836e+01
3.138217038061359432e+01,-1.099239823133160243e+01,5.554873571406216115e+01
3.070551441800391146e+01,-1.097307104628140273e+01,5.651998500773144940e+01
3.247095962334072539e+01,-1.098922367746668094e+01,5.358039628493165907e+01
3.224792127024234389e+01,-1.122528490770904419e+01,5.399000233102487556e+01
3.232228952484032902e+01,-1.100442401341850029e+01,5.465031602086955331e+01
3.144796335313215963e+01,-1.097402716382507393e+01,5.556234444548794471e+01
3.402653329793623271e+01,-1.010421730420588737e+01,5.393719071946703991e+01
3.233559586058548518e+01,-1.099968192363511399e+01,5.446811056417054431e+01
3.221534176463829624e+01,-1.104191633621014290e+01,5.461926399494508644e+01
3.065837223688633628e+01,-1.115311158143184933e+01,5.621974341831319322e+01
3.132007989242754320e+01,-1.105570342544100271e+01,5.553782785417424606e+01
3.396115747245099215e+01,-1.009587056903044910e+01,5.460181480340141746e+01
3.249312663554443503e+01,-1.043904117436415824e+01,5.577658472673289936e+01
3.237431329096128962e+01,-1.046310363297110158e+01,5.578597200012456625e+01
3.271233730696891229e+01,-1.005853876793196378e+01,5.708847553448502055e+01
3.215822962447611388e+01,-1.003728577525424193e+01,5.772647788302931104e+01
3.452063183291468107e+01,-1.003233911164450554e+01,5.501383344093378014e+01
3.350027030043106180e+01,-1.003992102039780399e+01,5.610934307847404057e+01
3.433763693493312985e+01,-1.000366373921404595e+01,5.556225055445968053e+01
3.529843553910936294e+01,-9.973292033917523725e+00,5.478547347038116300e+01
3.254647072826831788e+01,-1.006294315509110326e+01,5.712784477579278786e+01
3.351409648298389499e+01,-9.994811873632198029e+00,5.615064984154514605e+01
3.203985583076469368e+01,-1.004353575726702985e+01,5.793735329603664752e+01
3.199987032661276842e+01,-1.013046537911049860e+01,5.777862734641441023e+01
3.260510396470645134e+01,-9.885094399921152686e+00,5.740793702534491416e+01
3.420586010657143561e+01,-1.014077298609853273e+01,5.537231740773507482e+01
3.376413704570536822e+01,-9.857982691968617317e+00,5.618771270952652230e+01
3.542905217543595597e+01,-9.917045060470469409e+00,5.466704263489030780e+01
3.492258420187401668e+01,-9.733304685153711944e+00,5.535878197528246147e+01
3.551068962244649896e+01,-9.693282272434363023e+00,5.499544805595911612e+01
3.541275931287482592e+01,-9.900517950923171995e+00,5.489418682529775850e+01
3.470627104414685249e+01,-9.152684368101356327e+00,5.702863342865963148e+01
3.477835787324597305e+01,-9.283442795132046399e+00,5.677047081113116178e+01
3.508720659096029237e+01,-9.125710303484789065e+00,5.672893501910478165e+01
3.310841881568662615e+01,-8.969281648302812826e+00,5.893533816287050087e+01
3.604334820591093802e+01,-9.075912661113179070e+00,5.553306264396972836e+01
3.496463484890578854e+01,-9.079053133304983092e+00,5.689180981500251733e+01
3.422573120167136551e+01,-5.173639288311019158e+00,5.783437251376870591e+01
3.387088310534856817e+01,-9.345058864428233747e+00,5.763812474015077925e+01
3.336400565926626882e+01,-8.941305393542329227e+00,5.859192266711465180e+01
3.491730303680720482e+01,-8.951300132750985128e+00,5.697278482011095946e+01
3.336903616662182515e+01,-8.563882839113077239e+00,5.876477100982378232e+01
3.529623112992515388e+01,-8.514092557274326012e+00,5.690133391127938012e+01
3.387246590420475201e+01,-7.517451539347270284e+00,5.853053594614055299e+01
3.418794611322579868e+01,-7.312512960099148529e+00,5.821295267317027111e+01
3.516652884490714825e+01,-7.853002712795805529e+00,5.710773769167664682e+01
3.606243233449226437e+01,-6.198388838973375670e+00,5.679913964075767296e+01
3.417917027031791832e+01,-5.411480735994443236e+00,5.808952843444861713e+01
3.359322330864326744e+01,-4.763412939417417391e+00,5.869521169175590813e+01
3.254204925573710483e+01,-5.147764300062313225e+00,5.979037337643064376e+01
3.318593794940887420e+01,-4.799007268874225574e+00,5.917177919468302605e+01
3.312447898339496533e+01,-8.470705394575256619e+00,5.911062715699009829e+01
3.591461437998688666e+01,-8.559438535586272323e+00,5.640486150921145736e+01
3.287409977022680607e+01,-7.928909655575258064e+00,5.940060474978653104e+01
3.329610779515403607e+01,-7.371054059434667849e+00,5.903483828416176493e+01
3.314894456714801407e+01,-6.588098041817892714e+00,5.921190454658275115e+01
3.578359259060900399e+01,-8.385263199297725123e+00,5.661386298155766639e+01
3.397395176113730031e+01,-7.489648453098778802e+00,5.848640625465147025e+01
3.417605964758767811e+01,-5.692369454152025554e+00,5.819498256605998421e+01
3.339858468955125659e+01,-4.930092185841553842e+00,5.897295545752411527e+01
3.372758963366747764e+01,-5.780731868011179664e+00,5.867260931795768641e+01
3.520433793029638991e+01,-6.331338598039678800e+00,5.762780914066247107e+01
3.364625284751367928e+01,-6.250365041386650056e+00,5.877584463609205301e+01
3.417220970546838288e+01,-7.109240669111627220e+00,5.830600818922441420e+01
3.501877991959611336e+01,-6.134351781695938755e+00,5.761853779062150949e+01
3.603251630473680933e+01,-7.004265536905936784e+00,5.704751300403660963e+01
3.631255541382782326e+01,-6.773245132630195009e+00,5.703481095742580465e+01
3.408743875210134178e+01,-6.978911584534493784e+00,5.840404560090430408e+01
3.613490251159579714e+01,-7.883564671828797721e+00,5.645451827017188151e+01
3.582584385982935515e+01,-6.988084448183714770e+00,5.719349209856888905e+01
3.612054519081359416e+01,-7.723388109059269979e+00,5.651979386456957144e+01
3.606237662243346165e+01,-6.628670290382030039e+00,5.695019918385245461e+01
3.610359536927438739e+01,-6.287254527707155205e+00,5.685244732571475623e+01
3.595923377359022766e+01,-6.657217327718234934e+00,5.716422911258037232e+01
3.594254237066684254e+01,-6.616148900759748486e+00,5.718622261340185275e+01
