3.950339734456571961e+01,-1.675686445445111872e+01,4.793646613428102654e+01
4.046000970253309958e+01,-1.641071133197266008e+01,4.838779756154929856e+01
3.892450509118454960e+01,-1.610586116990415206e+01,5.263760181244308711e+01
3.988563088094415576e+01,-1.704419411887788982e+01,5.152408871520186295e+01
4.072111030461374526e+01,-1.618830071825390249e+01,5.046885664822254114e+01
3.957203310695499709e+01,-1.457362396294290363e+01,5.185490830601536061e+01
3.946290250345582962e+01,-1.745630130838977223e+01,5.194797236495907100e+01
4.004821463695369488e+01,-1.703149267649071064e+01,5.130010883901375962e+01
4.095627856466708039e+01,-1.626138775350634802e+01,5.035282591906711502e+01
4.159348648745947230e+01,-1.584733747099731715e+01,4.974809244917499029e+01
4.070967636259931766e+01,-1.453699400044233236e+01,5.072024368860751764e+01
3.950240638929901849e+01,-1.777169697417987138e+01,5.192575044268303941e+01
4.030364779104251483e+01,-1.754918868245243502e+01,5.102251714767774615e+01
4.113738902845472722e+01,-1.701375413963465988e+01,5.020595235081022878e+01
4.098283705043950675e+01,-1.745009177106841491e+01,5.033275371713954627e+01
4.001571063103212111e+01,-1.843378082545329377e+01,5.128800553861502465e+01
3.966961697233607964e+01,-1.931061250786330419e+01,5.170240971321647550e+01
4.027579997911666965e+01,-1.849434662811995977e+01,5.100529782579982907e+01
4.210743262081003024e+01,-1.633168366922006953e+01,4.926853271729762440e+01
4.183769531585600276e+01,-1.716715394385965254e+01,4.950332652822869761e+01
4.039476753081920180e+01,-1.890129882282528229e+01,5.074017823960826945e+01
4.106057399421088405e+01,-1.802547493602484252e+01,5.008456163878686596e+01
4.204972332542761393e+01,-1.841603691887073779e+01,4.926635450797258642e+01
4.217504057888259439e+01,-1.789072466558580388e+01,4.925336666423263665e+01
4.210944451591272042e+01,-1.822572657426584186e+01,4.930764731293508163e+01
4.264093506205924911e+01,-1.862432565072260360e+01,4.881751488551445561e+01
3.149479978346645836e+01,-1.522330756020320131e+01,4.839818137702844325e+01
3.227857162851535122e+01,-1.486950192649168656e+01,4.870958415566537525e+01
3.241211390251749691e+01,-1.513622998982202894e+01,4.825636758899329237e+01
3.258312275820352966e+01,-1.607527155986185363e+01,4.639532906204363627e+01
3.289951989992524517e+01,-1.623382767306663865e+01,4.628102332657826423e+01
3.210630881258101965e+01,-1.507057527590673551e+01,4.761902360841423842e+01
3.323113771215540169e+01,-1.491696208839935700e+01,4.866594361731889506e+01
3.368436533999943094e+01,-1.565206773173922983e+01,4.792641569973145010e+01
3.271204710780450142e+01,-1.506794905771405624e+01,4.837324884084675602e+01
3.417779130761270068e+01,-1.665535389066290151e+01,4.612785404150108093e+01
3.331773644183057570e+01,-1.502809739848421700e+01,4.834766156507303947e+01
3.344420632110995939e+01,-1.498964358542598596e+01,4.856140646087925461e+01
3.432996220937272369e+01,-1.661748453637963152e+01,4.631068205027511908e+01
3.447576160625337849e+01,-1.556669679881872348e+01,4.798564162896503404e+01
3.472351482226989816e+01,-1.589967123445552843e+01,4.765534045813720354e+01
3.358145965884980200e+01,-1.498313789124767759e+01,4.824297321209859035e+01
3.361764683462860859e+01,-1.502599231648381739e+01,4.860261164135555845e+01
3.384600496064034303e+01,-1.491528274356664774e+01,4.830681674819711446e+01
3.436918316073801805e+01,-1.489931730373610996e+01,4.884049156209623277e+01
3.479865362551854702e+01,-1.514985596962345227e+01,4.852833227081126211e+01
3.439921113093869565e+01,-1.499227787223782293e+01,4.846916414382924643e+01
3.523336770146526220e+01,-1.582565209542242179e+01,4.787849695951631190e+01
3.619362810662376972e+01,-1.670270269414121600e+01,4.671613014700767508e+01
3.409311659360764679e+01,-1.522146954348452219e+01,4.869464035597972895e+01
3.503685146679695350e+01,-1.499985668895216406e+01,4.872239370069093667e+01
3.533461682973382523e+01,-1.474958981073719499e+01,4.893243696137217569e+01
3.516863449410465137e+01,-1.503146440183898669e+01,4.959496977607550150e+01
3.560240628246583583e+01,-1.498942451863739933e+01,4.876147639234038422e+01
3.546074522779615990e+01,-1.481007935575389922e+01,4.884951696077816052e+01
3.572587915037360773e+01,-1.571724027449488759e+01,4.827679295908018275e+01
3.545434784403979478e+01,-1.501608282261555338e+01,4.860765526090077060e+01
3.668404177174760861e+01,-1.669519867856348583e+01,4.696908280735424768e+01
3.582190520239239362e+01,-1.507738013319566051e+01,4.961148115131859981e+01
3.641597863663938028e+01,-1.511282600502617868e+01,4.878688119517612165e+01
3.615689855487068627e+01,-1.455382216167567044e+01,4.942811877972050638e+01
3.669428698182661464e+01,-1.615658411112543291e+01,4.828492457794676795e+01
3.599954314003873890e+01,-1.500470260602977390e+01,4.980484358878611317e+01
3.660484848493398147e+01,-1.505538691516521332e+01,4.946991883313710048e+01
3.634206491534278172e+01,-1.494232193173362333e+01,4.984655337728346325e+01
3.619895455114006211e+01,-1.505724243058707934e+01,4.998301262957036073e+01
3.767426435189123879e+01,-1.582361222925369226e+01,4.877138163626232625e+01
3.762528971430735680e+01,-1.533190577488773876e+01,4.925036200962366451e+01
3.804327246594304768e+01,-1.689969137454446013e+01,4.699909870902758513e+01
3.822096863269258193e+01,-1.609926358717553541e+01,4.849780233678943375e+01
3.736407042863669403e+01,-1.502011411997960977e+01,5.003026941359534163e+01
3.727437747367290655e+01,-1.535766875362111961e+01,4.907314470407627738e+01
3.758796614616547060e+01,-1.493069689723079563e+01,4.994977043815667628e+01
3.782235455381830036e+01,-1.507540749036313699e+01,4.993460601971908375e+01
3.746232701263112119e+01,-1.500173957501698041e+01,5.017719983248383642e+01
3.806405175415069664e+01,-1.624082344310534864e+01,4.832144445520768983e+01
3.789288950074405449e+01,-1.582082698034612633e+01,4.896369443912777797e+01
3.796350937133042436e+01,-1.506277606053713569e+01,5.114936057638747258e+01
3.808801108985444017e+01,-1.462803303362504082e+01,5.069590927910984135e+01
3.863953599257679627e+01,-1.525211844525582627e+01,5.015330882699541348e+01
3.876855087780042908e+01,-1.553171490299944502e+01,4.991155080323756721e+01
3.840339846076860653e+01,-1.501472875686723008e+01,5.063650803845587944e+01
3.831650722264793529e+01,-1.501483501405565057e+01,5.137355727902033209e+01
3.849549808523288874e+01,-1.499193632576601765e+01,5.110561929564496353e+01
3.914504032572462933e+01,-1.494925482685058249e+01,5.069820483339704964e+01
3.935407267721127056e+01,-1.505249294458464782e+01,5.046639409515221786e+01
4.040263222460150416e+01,-1.591065362159408458e+01,4.932334722153922257e+01
3.854493442983179818e+01,-1.506673614457701049e+01,5.249678952295591472e+01
4.052925055802911913e+01,-1.581736669769691517e+01,4.945961147726525553e+01
4.028359523044537127e+01,-1.517447891042088592e+01,5.060271075471382574e+01
3.972625318125832905e+01,-1.500106748901759168e+01,5.095643561515687026e+01
3.941358210175058474e+01,-1.501997094925024534e+01,5.150980549676691567e+01
4.140642952496423135e+01,-1.586906397783764078e+01,4.909944064220959348e+01
4.057015106802404603e+01,-1.502772313062817311e+01,5.085403290472561366e+01
4.040823282318807230e+01,-1.501133369889415548e+01,5.092432454353541260e+01
4.137214681592654841e+01,-1.579981279882340495e+01,4.916893619509667701e+01
