4.061782127416666555e+01,-1.516912478223333238e+01,5.255167922396666569e+01
4.129688843030000811e+01,-1.585321980413333165e+01,5.181280617516666354e+01
3.764877888369999681e+01,-1.644431767773333419e+01,5.618336111163333157e+01
3.802399956666666725e+01,-1.580202571346666751e+01,5.538624066509999722e+01
4.234942236073333532e+01,-1.520738438379999913e+01,5.067350169763333412e+01
3.998075383340000144e+01,-1.479445751686666632e+01,5.346656820003332911e+01
4.056162597100000511e+01,-1.474858502726666565e+01,5.296850364966667257e+01
3.980127128943333759e+01,-1.639696258803333606e+01,5.376310128743333649e+01
3.911056482976666615e+01,-1.617268861310000361e+01,5.443775382103333271e+01
3.895438157219999908e+01,-1.530665676899999994e+01,5.454378446466666475e+01
3.852673502159999686e+01,-1.775895484786666501e+01,5.502166485660000461e+01
3.766563054420000611e+01,-1.903483634840000249e+01,5.573082329816666203e+01
3.810985630736666963e+01,-1.888595052930000051e+01,5.526909352626666561e+01
3.850194408756666320e+01,-1.940267940020000026e+01,5.491395727860000164e+01
3.844119468216666746e+01,-1.997583523313333487e+01,5.504332076299999699e+01
4.108520614799999748e+01,-1.699575104146666504e+01,5.238333141150000216e+01
3.893586895643333179e+01,-1.895681520516666652e+01,5.460055213666667129e+01
3.967136510446666620e+01,-1.820860316426666614e+01,5.390847988483333353e+01
4.203057941150000687e+01,-1.617259442513333312e+01,5.139589515710000001e+01
4.238496864963333621e+01,-1.476853593689999933e+01,5.110653208490000310e+01
3.951310989019999909e+01,-1.963560401713333192e+01,5.386584240906666565e+01
4.148509289373333786e+01,-1.762625574663333339e+01,5.194352102223333389e+01
4.311339795816667220e+01,-1.643946513286666899e+01,5.037596980180000372e+01
4.288909117016666528e+01,-1.713442776616666663e+01,5.057267013756666785e+01
4.354206240363333791e+01,-1.620742905519999866e+01,4.994316614243333419e+01
4.315807234656666225e+01,-1.769150393936666532e+01,5.036869605323332877e+01
4.301486321720000205e+01,-1.842287910893333347e+01,5.048720140386666344e+01
4.403612580106666741e+01,-1.498592314569999928e+01,4.937092668569999887e+01
4.394298413123333802e+01,-1.658961419566666606e+01,4.952849378653333901e+01
4.507721343139999703e+01,-1.488066364689999865e+01,4.810295114493333557e+01
4.489092232543333694e+01,-1.421656866633333216e+01,4.831460280419999975e+01
4.525526125283332846e+01,-1.377674083750000023e+01,4.791759237443333319e+01
4.420412676903333704e+01,-1.732627004680000127e+01,4.927723442413333288e+01
4.358198857886666389e+01,-1.882572950346666474e+01,4.996810376369999318e+01
4.406259644939999731e+01,-1.839280113633333258e+01,4.950571923253333040e+01
4.527650134940000015e+01,-1.600490792063333245e+01,4.812254416363333576e+01
4.518674312599998899e+01,-1.654722969700000235e+01,4.829826499116666128e+01
4.562343406069999929e+01,-1.207634390619999998e+01,4.858442618743333696e+01
4.606756160026666436e+01,-1.531598535316666698e+01,4.743216716756666074e+01
4.680786383546666229e+01,-1.301518186366666718e+01,4.671055435163333414e+01
4.707593793086666523e+01,-1.379431355243333179e+01,4.649288459746666291e+01
4.548417842353333640e+01,-1.701162942563333047e+01,4.794725089306666632e+01
4.617615158476666437e+01,-1.650013696909999794e+01,4.726075067563332510e+01
4.724016368753333239e+01,-1.113139807473333320e+01,4.677990559489999356e+01
4.739402404940000224e+01,-1.238220781033333395e+01,4.611659995163333292e+01
4.786760948619999567e+01,-9.624985444066666673e+00,4.621790158903333889e+01
4.627294626596667371e+01,-9.915323143366666869e+00,4.812524224816667129e+01
4.677283317426667253e+01,-1.012374745606666693e+01,4.772392866073332840e+01
4.686029850653333284e+01,-8.858913302166667947e+00,4.761498363790000354e+01
4.656415697349999760e+01,-1.620945343116666493e+01,4.681531807013332269e+01
4.692470567756666355e+01,-1.638081958200000088e+01,4.641892551776666664e+01
4.772193022003333596e+01,-1.308289940120000061e+01,4.578931334303333500e+01
4.816874993616666956e+01,-1.173209270743333299e+01,4.533054578133333479e+01
4.828158087343333449e+01,-1.235843888346666652e+01,4.518121767969999070e+01
4.787993834186666930e+01,-7.988464017900000158e+00,4.660379625623333055e+01
4.780583292329999523e+01,-8.683329735500000979e+00,4.671517288373333798e+01
4.688367856139999645e+01,-8.078551934366666742e+00,4.756476413183333563e+01
4.717596712636666467e+01,-1.698074063616666862e+01,4.626245394270000588e+01
4.708639812639999178e+01,-1.765205238723333636e+01,4.631571848780000522e+01
4.739486125036665953e+01,-7.034588557466666003e+00,4.701277804936666627e+01
4.797561113013333056e+01,-6.970251576099999902e+00,4.647051610136666255e+01
4.831301792360000036e+01,-1.440645333686666696e+01,4.515448098230000795e+01
4.871338989969999744e+01,-6.818823852766666249e+00,4.505243094973334195e+01
4.865523534206666767e+01,-7.576838035166666430e+00,4.517864688953333285e+01
4.951305870729999725e+01,-7.017630419733333014e+00,4.398052467400000154e+01
4.777815888466667360e+01,-1.682257550543333480e+01,4.570739857796667138e+01
5.218608755506667052e+01,-6.677876282533333097e+00,3.811041540389999938e+01
4.856319498496666398e+01,-1.509837203886666579e+01,4.483006581963334014e+01
4.845827426639999658e+01,-1.592294256536666630e+01,4.497971917560000321e+01
5.150036791400000169e+01,-6.821446722600000179e+00,3.970763799489999712e+01
5.179115108429999736e+01,-5.575141170033333538e+00,3.884095924843332881e+01
3.559833246226666859e+01,-3.947418951233333306e+00,5.835067884560000806e+01
3.613989361776666698e+01,-4.666719438566666156e+00,5.827864598543333585e+01
3.623789840926666983e+01,-3.996540851333333588e+00,5.823261664046666652e+01
3.735872410180000003e+01,-1.481158887333333452e+00,5.671165956663333674e+01
3.749379356273333741e+01,-1.415405318279999847e+01,5.589883737166666577e+01
3.838494970706666720e+01,-2.252641785000000230e+00,5.576694110793332726e+01
3.657753299049999640e+01,-9.812076460466668593e+00,5.744980884396667165e+01
3.706013607660000275e+01,-1.034791477673333482e+01,5.708199118683333495e+01
3.758597403926666658e+01,-9.150071039100000192e+00,5.677041565273333390e+01
3.783848133069999875e+01,-9.819115668600000291e+00,5.650051584466666554e+01
3.688149901733333280e+01,-1.095486534746666507e+01,5.729056062956666295e+01
3.646581744853333618e+01,-5.190964029433332350e+00,5.852319440546667551e+01
3.880300196449999817e+01,-3.899346414966666785e+00,5.537269309339999523e+01
3.963109920036666978e+01,-3.419102225200000067e+00,5.454114267989999831e+01
3.971805345300000312e+01,-4.185307129033333240e+00,5.452807973943333764e+01
3.726723148593332979e+01,-1.920646068666666817e-01,5.741918638593332957e+01
3.728648092503333089e+01,3.589178956000000364e-01,5.760659068246666692e+01
3.690953567479999720e+01,-7.598162226500000394e+00,5.803219177936666284e+01
3.748887903016666456e+01,-7.699654530300001021e+00,5.713387791526667314e+01
3.776437828826666276e+01,-6.247311193200000723e+00,5.694365422690000145e+01
3.770119650209999662e+01,2.513575716000000071e+00,5.651640253513333079e+01
3.743361047123332952e+01,2.074446387700000116e+00,5.702267875496666960e+01
3.753690468443333117e+01,2.945012965833333052e+00,5.688475434896665917e+01
3.726931865356666407e+01,2.505883637533333097e+00,5.739103056879999798e+01
3.868783689800000047e+01,-1.399405369383333486e+01,5.481165365646666743e+01
3.804678764403333702e+01,-1.514045302529999937e+01,5.538226731559999649e+01
4.063589556383333701e+01,-8.635264118400000299e+00,5.354809564863333549e+01
3.772603047529999998e+01,-4.489575447633332494e+00,5.679887042223333538e+01
3.769135493906666312e+01,-5.685239714499999764e+00,5.705139857879999710e+01
3.782343241516666410e+01,-3.794431048866666600e+00,5.663422227800000286e+01
3.744935625203333274e+01,-3.433885227366666459e+00,5.733980248390000156e+01
3.922964490736666932e+01,-1.368812012446666593e+01,5.419988319686666500e+01
3.908519649183332945e+01,-1.263509620796666688e+01,5.437283448563332655e+01
3.938658158396666664e+01,-1.421110632143333419e+01,5.399997802636666933e+01
3.855888427763333226e+01,-6.303074285700000168e+00,5.605781798573332964e+01
3.924055505616667006e+01,-5.206038015599999902e+00,5.525867736316666878e+01
3.816254760929999890e+01,-3.469835004866666850e+00,5.628817285289999717e+01
3.881989648223333234e+01,-8.869321084699999247e+00,5.568297544326666326e+01
3.896346305080000150e+01,-9.504346661533332963e+00,5.558945745983333353e+01
3.890940434323332653e+01,-7.633798986733332903e+00,5.566835773033333368e+01
3.902629830989999959e+01,-6.852686244533333415e+00,5.558989215726666089e+01
3.814860800266666985e+01,-2.202173688566666510e+00,5.630159404236666632e+01
4.016358884343333102e+01,-3.111319641133333480e+00,5.424165864676666615e+01
4.016742983716665805e+01,-2.427508127766666579e+00,5.425870323436666354e+01
3.524091065093333697e+01,1.639453891166666510e+00,5.920566188816666653e+01
3.583522271543333204e+01,1.391503480066666576e+00,5.878479730189999941e+01
3.557186212823333449e+01,2.911543366166666758e+00,5.892150200866666410e+01
3.623605923853333621e+01,1.719385338233333504e+00,5.855734135686666519e+01
3.617633240083333135e+01,2.887892003066666380e+00,5.861121944563333130e+01
3.642679754206667297e+01,2.364855470233333090e+00,5.855733889023333205e+01
3.739713106849999491e+01,-1.509933252766666456e+00,5.748699174449999560e+01
3.957464924079999946e+01,-6.458136967866667355e+00,5.501610729866666816e+01
3.964789614263333561e+01,-5.650337943699999421e+00,5.491999218576666664e+01
3.944157777873332549e+01,-9.976889265966667253e+00,5.496951526629999307e+01
3.946443515956666204e+01,1.888374403633333420e+00,5.468476991450000213e+01
3.975557267849999477e+01,2.252550580899999932e+00,5.436948619896666202e+01
3.994214332576666493e+01,-6.835029526566667180e+00,5.463124973196666900e+01
4.010680779759999837e+01,-7.465448520399999843e+00,5.441031494106666599e+01
4.016318876856666975e+01,-4.682893489066666248e+00,5.434224477120000074e+01
4.058856180776666633e+01,-1.361694820793333349e+01,5.291846093803332707e+01
4.103825309413333144e+01,-1.255258747423333254e+01,5.246737839916666957e+01
4.011756314833333903e+01,-1.242630168673333380e+01,5.342348867266665735e+01
4.057490688186666716e+01,-1.223428784913333267e+01,5.296710177493333305e+01
4.084191324796666578e+01,-1.419609139583333324e+01,5.267211353533332385e+01
4.241268330003333631e+01,-4.296556656700000865e+00,5.166729515293334174e+01
4.257793285336666855e+01,-4.866274390566666774e+00,5.152361866806666768e+01
4.288398387436666326e+01,-3.871687609900000382e+00,5.123345758736666511e+01
4.304923342769999550e+01,-4.441405343766667180e+00,5.108978110250000526e+01
4.072862760339999255e+01,-5.417787100700000025e+00,5.367948894686666250e+01
4.150807355803333820e+01,8.428564038000000425e-01,5.262717113606666430e+01
3.919733262656666284e+01,-1.067194604789999879e+01,5.514552240660000137e+01
3.874560816479999659e+01,-1.067794032663333326e+01,5.574025619249999863e+01
3.984141018046666716e+01,-3.763833298333333910e-01,5.462213346330000263e+01
4.067163669186666652e+01,-7.496612893566666713e+00,5.380413966689999938e+01
4.099136524346666732e+01,-8.102427525599999569e+00,5.347270423319999821e+01
3.878134760399999692e+01,1.222105131800000022e+00,5.573889266133333109e+01
3.767536930133333328e+01,1.438662270866666759e+00,5.734241496389999071e+01
4.076712100333332955e+01,-6.955352626499998969e+00,5.369538105440000209e+01
4.017024499569999563e+01,-9.726638548000000384e+00,5.419836055383333218e+01
4.103487133283332611e+01,-3.492611292166666548e+00,5.339887878196666549e+01
4.290105743206666489e+01,-5.844437234066667486e+00,5.138606490436666263e+01
4.223243387779999836e+01,-1.283850170616666730e+01,5.109660989793334096e+01
4.145682817803333364e+01,-1.212961496333333322e+01,5.198948750899999283e+01
4.155518462976667138e+01,-5.334512827000000179e+00,5.280525809436667117e+01
4.164500478069999900e+01,-4.569953779233332902e+00,5.276467940406666912e+01
4.172926458159999896e+01,-6.803489649333332778e+00,5.270719647353333670e+01
4.186279049046667211e+01,-7.375185935933333603e+00,5.264119982669999587e+01
4.012200497526666965e+01,1.104424623133333228e+00,5.416328117373333129e+01
4.023804697943333508e+01,1.861569347633333260e+00,5.409577923200000527e+01
4.046752982139999943e+01,-1.137343475300000017e+00,5.409686851853333422e+01
4.088360003800000442e+01,-1.597832885233333222e+00,5.371410716009999220e+01
4.281333065066667132e+01,-1.289305020620000164e+01,5.058777763340000178e+01
4.099044886460000470e+01,-3.601253850333333006e-01,5.352096201690000044e+01
4.185068369829999568e+01,-3.129155988366666197e+00,5.265810694370000533e+01
3.715693474849999944e+01,1.222308609933333345e+00,5.803065409499999561e+01
3.712033487709999946e+01,5.626367143000000626e-01,5.812935113246666674e+01
4.172061851100000496e+01,-2.502540906966666867e+00,5.286434302509999839e+01
4.220909115473333628e+01,-8.784646335399999728e+00,5.220611316563333304e+01
4.260725184946667099e+01,-8.188194734333334779e+00,5.188647950843333234e+01
3.861906998530000124e+01,3.343719678766666537e+00,5.592796579486665820e+01
3.895952530880000353e+01,3.617794997266666090e+00,5.557954908939999683e+01
3.940725637429999750e+01,3.477669689366666095e+00,5.511977541776666811e+01
3.794759577146666629e+01,3.494442720299999916e+00,5.689272928129999940e+01
4.202823227056666866e+01,-1.973078163966666798e+00,5.259745334366667180e+01
4.195672477703333669e+01,-7.070527217666667807e-01,5.252603729910000396e+01
4.183037747953333252e+01,-5.767189763333332303e-02,5.261267324913333709e+01
4.284757493053333377e+01,-4.548463794666666726e-01,5.160953788186666458e+01
4.178032166839999917e+01,4.813608478733333307e+00,5.201611502346666072e+01
4.169213417939999999e+01,3.402768380299999507e+00,5.250245291036666373e+01
4.209866850343333766e+01,3.247109881166666323e+00,5.201375162083333947e+01
3.685094265029999860e+01,1.615806490400000017e+00,5.828580875856666665e+01
4.285357346669999856e+01,-7.002566182233334047e+00,5.174126579266666681e+01
4.262150471746667080e+01,-2.646971465100000032e+00,5.189508813243332952e+01
4.052617725426666340e+01,6.319373046499999980e+00,5.358049113143332676e+01
4.100213228186666470e+01,6.248414865733333379e+00,5.307218345106667101e+01
4.356615762066666520e+01,-4.863497523166667058e+00,5.094968349763333748e+01
4.381126432429999795e+01,-1.293938026610000058e+01,4.969204412759999201e+01
4.365426265893332669e+01,-1.224066948230000129e+01,5.005820324346666439e+01
4.446451462993332626e+01,-1.315323423586666785e+01,4.884171177240000361e+01
4.416320760359999298e+01,-1.277327334643333323e+01,4.913679157243333151e+01
4.457781311826666837e+01,-1.237091234093333547e+01,4.901712018253332559e+01
4.294764272443333653e+01,-1.477788052233333316e+00,5.166032355213332750e+01
4.203163387760000091e+01,1.037381831433333401e+00,5.241708575293333894e+01
4.256979300730000659e+01,5.616553982333333250e-01,5.194646592046666456e+01
4.335635815626667267e+01,-1.953808051066666662e+00,5.117853377506666135e+01
4.208629691066666823e+01,5.474258298266666323e+00,5.212918377196666597e+01
4.077055723179999092e+01,4.843377627599999791e+00,5.373484170510000268e+01
4.119284455486666729e+01,5.096547042266666772e+00,5.328474075413333821e+01
4.474555696596667076e+01,2.478601900666666857e+00,4.934993347263333163e+01
4.327582923603333143e+01,4.298539838366667531e+00,5.095244324989999996e+01
4.403987802646667404e+01,3.747551292533332745e+00,5.017764785380000347e+01
4.312164798663332732e+01,3.103797794466666815e+00,5.115633629050000053e+01
4.648556464039999270e+01,-6.084924866866667337e+00,4.765156556369999663e+01
4.401935230533333510e+01,5.051185907899999883e+00,5.018268670023334010e+01
4.013043179906666325e+01,7.472185445300000062e+00,5.439541599733333754e+01
4.074082352660000339e+01,7.444486499566667526e+00,5.377604233783333143e+01
4.606305777693332715e+01,-7.955990378466665902e+00,4.835233586006666684e+01
4.569408096903332961e+01,-7.415571237666665816e+00,4.872114295756666280e+01
4.272047235256666653e+01,7.043478595966665701e+00,5.124615029633333307e+01
4.276861428736666682e+01,6.074613405000000022e+00,5.154897970466667090e+01
4.308987240799999796e+01,6.344696884733333597e+00,5.118997567976666829e+01
4.191834769159999752e+01,7.235708515299999810e+00,5.239406739383333189e+01
4.145589663543334069e+01,8.076666519233333119e+00,5.295201547796667541e+01
4.241850955010000490e+01,7.800186928233332928e+00,5.199374396343333871e+01
4.515974497466666548e+01,-9.400717009066665852e+00,4.922403213953333534e+01
4.200457454786666744e+01,5.882234612699999587e+00,5.251075431553334028e+01
4.428503682236666350e+01,6.331759455366666067e+00,4.997762026856666040e+01
4.419305887680000211e+01,6.947440498233333095e+00,4.999736985279999857e+01
4.503481517673333201e+01,3.372382958733334046e+00,4.943053700843333331e+01
4.640177880426666235e+01,-6.744097780899999783e+00,4.809574285226666035e+01
4.566255217746666517e+01,-6.749309781400000041e+00,4.885390039210000168e+01
4.599667806229999911e+01,-6.388768870999999905e+00,4.851942397469999690e+01
4.712993165523332806e+01,-6.490041303066665712e+00,4.728475571563333801e+01
4.838784861510000468e+01,-3.788630973433333882e+00,4.510485166286667180e+01
4.604824626230000462e+01,3.133869075499999823e+00,4.835241719263333238e+01
4.588047575976666081e+01,2.304202742099999757e+00,4.848427656423333332e+01
4.672744477029999643e+01,-5.491774606366665701e+00,4.778235264959999995e+01
4.507658953199999274e+01,6.089682057166666773e+00,4.891758016549999866e+01
4.531969425089999959e+01,5.004740075133334187e+00,4.898569581876666490e+01
4.679890547573333492e+01,2.659324498333333064e+00,4.732756353359999935e+01
4.668732450613333640e+01,1.974922291266666408e+00,4.741478876943333631e+01
4.931153993856666062e+01,2.254430882333333386e-01,4.249046603040000036e+01
4.930203261153334182e+01,1.007488321566666789e+00,4.315602963143333426e+01
4.929430115893333664e+01,2.128273240333333483e-01,4.317630771276666479e+01
4.597791003190000225e+01,5.883859653900000097e+00,4.800451909833333275e+01
4.535878631623333490e+01,6.559787704366666361e+00,4.876259384826666832e+01
4.910172977953333628e+01,-9.468063148500000636e+00,4.397158864420000413e+01
4.933910444843333920e+01,-1.002441376680000040e+01,4.375398358589999503e+01
4.853292689880000665e+01,1.557665751933333453e+00,4.459187121493332739e+01
4.824871384269999908e+01,1.147041459800000052e+00,4.521082853223333586e+01
4.903972525116666503e+01,1.165825687733333282e+00,4.414169548370000484e+01
4.889563224730000002e+01,4.768125507666666762e-01,4.422227762813332674e+01
4.788912175183333630e+01,-3.957665114599999701e+00,4.647749609786666269e+01
4.710488324603333155e+01,-4.248228243733334075e+00,4.737695343126666359e+01
4.737120550179999867e+01,-3.819700304800000001e+00,4.705805661049999600e+01
4.857219070200000033e+01,-5.717609095366666061e+00,4.536363427993333630e+01
5.014090569870000280e+01,-3.391037733333324145e-03,4.164011843673333146e+01
4.861223076059999926e+01,-8.956414334799999821e+00,4.519974487920000428e+01
4.846487726166666477e+01,-7.834638875033332006e+00,4.574499378666666871e+01
4.858053045136666270e+01,2.184432738966666676e+00,4.500533154623334298e+01
4.835259395479999966e+01,-4.787463544533333781e+00,4.589085132389999444e+01
4.624975976106666309e+01,4.685268642133333827e+00,4.816645546990000071e+01
4.637801242369999954e+01,5.432037088333333763e+00,4.794107231579999961e+01
4.670559823970000934e+01,4.342956136033333081e+00,4.780575000456666857e+01
5.140584732759999298e+01,6.280470044999999502e-01,3.806056919103333058e+01
5.055263115846667432e+01,-9.740105979466667563e+00,4.141895259966666032e+01
5.077513800256667054e+01,-1.067524622403333545e+01,4.113568010433333910e+01
5.031744446230000989e+01,-4.307645187400000353e+00,4.158513676790000346e+01
5.073071795746667334e+01,-4.030280953566665936e+00,4.085253507806666562e+01
5.109868721343332965e+01,-5.127962569766666867e+00,4.061366357713333741e+01
4.943232796339999169e+01,-4.316509434933333722e+00,4.378585841143333113e+01
4.942073203216666144e+01,-3.648785550533333311e+00,4.374109272563333661e+01
4.806466926586666233e+01,2.784200796466667072e+00,4.596359013433333729e+01
4.872028992029999728e+01,-1.242028196113333394e+01,4.480542305393333891e+01
4.509551354363333076e+01,7.530543415366666160e+00,4.940654264746666513e+01
4.907365082273332746e+01,-3.291227273400000097e+00,4.431536179266666409e+01
5.129613734930000390e+01,5.917198122333333643e-01,3.861671423920000024e+01
5.127689162020001135e+01,1.047772599566666685e+00,3.968198677786666195e+01
5.122829305193334193e+01,4.073329869666666436e-01,3.982971209300000481e+01
5.126539823780000660e+01,-2.467363919999999711e-01,3.932896596860000926e+01
5.084791201576666708e+01,-3.393861856033332902e+00,4.075027862833332648e+01
5.221271082943332686e+01,-9.265161990999999375e+00,3.731798136869999638e+01
5.217239550469999898e+01,-9.976041927766667428e+00,3.734709741193333343e+01
5.223331541980000026e+01,-1.020600557096666527e+01,3.800756389263332835e+01
4.971761208646666574e+01,-5.608305037933333459e+00,4.356609044246666684e+01
4.682683644506666809e+01,5.451340684899999900e+00,4.755969537900000432e+01
4.703690336446666720e+01,4.812970158199999737e+00,4.746452469713333500e+01
5.037628175523332885e+01,-1.041685949686666568e+01,4.221130091390000416e+01
5.039383123046667379e+01,-9.871815982933332734e+00,4.259428522169999809e+01
4.920226567716667176e+01,-1.351142891346666630e+01,4.417244742703334026e+01
4.762623936523333867e+01,2.834391472666666800e+00,4.685792467059999922e+01
5.058163654309999657e+01,-2.118340015133333143e+00,4.137705289499999850e+01
5.078696005623334031e+01,-1.809208393133333592e+00,4.081670791106666485e+01
5.164013148103333606e+01,-3.336291376266666386e+00,3.856709894360000135e+01
5.156703689560000470e+01,-1.969392101933333139e+00,3.832221336076666063e+01
5.149654761433333761e+01,-2.082489648199999710e+00,3.900470724056666683e+01
4.826192634863333097e+01,1.543339398499999904e+00,4.619085080303333513e+01
5.178091820483333407e+01,-7.803387508333333722e-01,3.804228921730000224e+01
5.207251074859999562e+01,-3.974064354999999882e-01,3.758491308880000048e+01
5.165296930459999203e+01,-3.974223002033333785e+00,3.869433925033333566e+01
5.141180238426667160e+01,-3.334303985433333395e+00,3.967397055863332866e+01
4.978281604049999487e+01,-1.310174060686666486e+01,4.369047137936667013e+01
4.990683114193333836e+01,-1.029066994859999973e+01,4.345230217563332786e+01
5.200080684436667156e+01,-4.248900700566667687e+00,3.831717043046666760e+01
5.145396546970000173e+01,-4.551802754833333076e+00,3.972684223293332906e+01
4.705771042883333166e+01,5.905695258299999750e+00,4.713282973256665542e+01
4.633559149483333073e+01,6.974119647866666050e+00,4.800505276976667091e+01
4.944706679343332922e+01,1.509298061466666674e+00,4.370696519030000360e+01
4.941420760963333692e+01,2.289102804066666774e+00,4.364943581846667797e+01
4.967133779833333307e+01,2.760107432033333197e+00,4.305212177820001074e+01
5.006974826790000321e+01,1.873660523999999938e+00,4.245768734123333132e+01
4.997475846460000071e+01,2.618230607566666368e+00,4.257921859569999867e+01
5.118261815913333379e+01,1.181686501633333330e+00,4.023153518966666553e+01
5.113401959086667148e+01,5.412468890333334004e-01,4.037926050480000839e+01
5.108760600213332737e+01,1.736455010100000029e+00,4.031094094290000385e+01
4.771779685089999390e+01,3.866992845666666678e+00,4.682652865526666375e+01
4.776687884219999347e+01,4.538819608099999847e+00,4.679010980999999703e+01
4.789197792536666753e+01,5.878592009166666799e+00,4.641196221303332692e+01
4.927416847839999292e+01,-1.538046508666666423e-01,4.416795147319999870e+01
5.033388533179999769e+01,-7.769214859499999015e+00,4.277988900340000100e+01
4.829700552413333270e+01,3.387880640433333923e+00,4.593950203843333924e+01
4.814003936723332799e+01,3.806545058999999842e+00,4.628049439366666462e+01
5.233382852270000285e+01,-4.049311435433333273e+00,3.756188275853332925e+01
5.233576172816666627e+01,-3.406702787633333340e+00,3.722206893859999610e+01
5.175788194513333451e+01,-8.924672089766666261e+00,3.906403091746665979e+01
5.213618234289999265e+01,-8.706393698399999437e+00,3.830173183899999145e+01
5.231646721663333466e+01,-7.932962860033332397e+00,3.796159898126666121e+01
5.060895742036666434e+01,-8.025622371700000812e+00,4.213093028259999784e+01
5.091006582326667029e+01,-7.628042287033333757e+00,4.169795571713333260e+01
4.867522227016667102e+01,3.431757472500000627e+00,4.524536525546667320e+01
5.113238679843333756e+01,-8.627693041666667284e+00,4.123387679350000212e+01
5.255780716293332944e+01,-8.607025098500001192e+00,3.696978501973333664e+01
5.290099949226667064e+01,-9.882331187500000169e+00,3.648634874126667427e+01
5.257881252969999508e+01,-4.914340154999999655e+00,3.668710012596666559e+01
5.269946966556666013e+01,-5.672872458166666298e+00,3.664567633479999387e+01
4.922883211553332927e+01,2.700945850300000117e+00,4.416800313619999230e+01
4.931065227593332878e+01,3.310214971966666919e+00,4.391682945330000365e+01
5.178137824316667093e+01,-9.595265629533333396e+00,3.933916025453333276e+01
5.149745330746666383e+01,1.937802061666666686e+00,3.909989099956666792e+01
5.251862016853332449e+01,-4.660567914466667183e+00,3.732649896536666034e+01
4.888492093376666503e+01,4.147086976033333094e+00,4.490422649056667836e+01
4.921633927450000101e+01,4.060448205533333521e+00,4.419215189789999698e+01
5.038071679253332746e+01,2.023941095699999693e+00,4.186304025426667152e+01
5.060110911289999791e+01,3.422639343666666889e+00,4.107577968186666340e+01
5.302829187493333052e+01,-7.809122974233332570e+00,3.597428970346666688e+01
4.805407977760000193e+01,8.780506730699999096e+00,4.516203024863333582e+01
4.818912135853332757e+01,4.478371821433333899e+00,4.624407554839999790e+01
5.047498387109999385e+01,6.856086173433332931e+00,4.067311203940000297e+01
5.044742149096666850e+01,7.452565302299999139e+00,4.091726947896666644e+01
5.272483356113333031e+01,-7.067679654800000044e+00,3.692798458453333410e+01
5.215090394466667334e+01,-9.963837409166666603e+00,3.892449241543332761e+01
4.869447549926666596e+01,4.854329297400000520e+00,4.519746801753333187e+01
4.975291668950000457e+01,4.020206021766666638e+00,4.296477188800000135e+01
4.827713375963332965e+01,5.622988422699999767e+00,4.603842318043333393e+01
4.865054032573333842e+01,5.682349020166665987e+00,4.499724964686667050e+01
5.003396590036666680e+01,4.436839020866666594e+00,4.247793967446666130e+01
4.944521929246666758e+01,5.269991168766666512e+00,4.349412190166666647e+01
5.087492273883333382e+01,4.205753392166666771e+00,4.074402812523333495e+01
5.033232656929999393e+01,4.257378679033333668e+00,4.199437451053333348e+01
5.125130775669999394e+01,6.414134836833333964e+00,3.941872264790000457e+01
4.845613692733333977e+01,7.915295651866666837e+00,4.523530384473333044e+01
5.166354841489999217e+01,-1.071724329866666814e+01,3.997134071383333520e+01
4.896454607839999795e+01,5.985502731166666202e+00,4.459227160683332869e+01
4.864366544763333877e+01,7.367353512133333560e+00,4.512296771786666483e+01
4.899067015450000184e+01,7.342990219133333163e+00,4.456660793266667042e+01
5.111017264636666368e+01,-1.112139050270000062e+01,4.123338043269999531e+01
5.148447203633332947e+01,-1.117964886026666704e+01,4.056234133053333579e+01
5.050128815229999901e+01,5.117935877199999872e+00,4.143764354633333369e+01
4.947752633443334247e+01,6.454228639366665909e+00,4.348875724909999718e+01
4.813031080970000630e+01,7.669021264833332907e+00,4.627503032886667000e+01
4.848883881746667157e+01,9.268063654699998821e+00,4.457381388920000376e+01
4.947031151790000081e+01,6.924505153733332641e+00,4.381268616793332882e+01
4.952794255053333217e+01,7.581757260966665690e+00,4.344301794953332774e+01
5.279314089729999893e+01,-1.410296913363333182e+01,3.682909216823333054e+01
5.265272739170000449e+01,-1.348696031006666907e+01,3.717070421743333242e+01
5.249905868203333625e+01,-1.356810937463333211e+01,3.782667391046667404e+01
4.907119273009999461e+01,9.735547687866665356e+00,4.411402479403333388e+01
4.844442924753332846e+01,9.754355527366664447e+00,4.516918985743333081e+01
5.328427020470000031e+01,-1.003748241609999958e+01,3.609091575066667446e+01
5.192134677173333301e+01,-1.607157525506666573e+01,3.933580477936666853e+01
5.039227962909999547e+01,7.234047621966666952e+00,4.179564164476666832e+01
5.179212358726666565e+01,-1.417809245109999949e+01,3.986581342353333213e+01
5.212456429066666175e+01,-1.407559626119999940e+01,3.914750597003332899e+01
4.958910025186666104e+01,8.948777996033333793e+00,4.313161261013333814e+01
5.261871238489999314e+01,-1.556921133139999824e+01,3.726610873973333327e+01
5.328737183949999690e+01,-1.476974317310000195e+01,3.612749685139999656e+01
5.311946915336665853e+01,-1.411650112066666729e+01,3.638364745283333690e+01
5.051317776756667399e+01,8.530770201899999350e+00,4.145076151829999844e+01
5.332795526893333005e+01,-1.342500720776666689e+01,3.612262913403333187e+01
3.808137253523332788e+01,-1.237382131953333264e+01,5.542967061363333414e+01
3.771486406630000232e+01,-1.252787038056666624e+01,5.598564023189999261e+01
3.759691226313333345e+01,-1.184561842066666770e+01,5.642161161146666615e+01
3.786058882096666167e+01,-1.115287863903333232e+01,5.636584009170000087e+01
3.885809302749999716e+01,-1.166336856033333191e+01,5.489844201996666584e+01
3.708807952433333099e+01,-1.169244683653333361e+01,5.727105545079999871e+01
3.763989517950000163e+01,-1.314934476503333372e+01,5.621526269230000139e+01
3.556227849936666985e+01,-1.333252794666666574e+00,5.896068384003333307e+01
3.596168697930000491e+01,-1.086749644266666648e+00,5.865413164973333693e+01
3.672754528639999450e+01,-2.238991689533333496e+00,5.843252580066666724e+01
3.744631312479999963e+01,-2.764969687766666961e+00,5.731823826720000170e+01
3.970571039216667231e+01,-1.195771738023333342e+01,5.386303137343332992e+01
3.616939914536666834e+01,-6.738277886666672878e-02,5.863556527216667291e+01
4.018478068150000126e+01,-1.039477257806666621e+01,5.384589850729999938e+01
4.085161743613333130e+01,-1.111603549523333356e+01,5.273490611940000150e+01
4.135034739389999459e+01,-1.138185053429999982e+01,5.219244052239999831e+01
3.677647701493332733e+01,4.531564199999998238e-02,5.838060803673332799e+01
4.121912639446666304e+01,-9.929339958699999968e+00,5.290765886780000216e+01
3.483539409570000345e+01,3.673353762033332970e+00,5.972131508423333202e+01
3.458442053656666104e+01,4.850278827100000356e+00,5.994923107703332477e+01
3.504919359400000189e+01,4.896231405066666653e+00,5.944932780433333619e+01
4.317870510439999521e+01,-1.092401092570000110e+01,5.083724656470000269e+01
3.465897659453333546e+01,6.331299758800000177e+00,5.993880639896666906e+01
3.836148715983333801e+01,4.575239026933332731e+00,5.624452792376666821e+01
3.645904446939999843e+01,5.461568191166666253e+00,5.853388373046666260e+01
3.599645516049999827e+01,6.672216793200000495e+00,5.866508980966667508e+01
3.642156623706666352e+01,6.141355193199999896e+00,5.853599135183333146e+01
3.733770382360000184e+01,3.278458414366666407e+00,5.795972981476666064e+01
4.022326728226666859e+01,3.250964635666667046e+00,5.422372070143333644e+01
3.961264037343332944e+01,4.159965747900000288e+00,5.487492100979999776e+01
4.065350100943333445e+01,2.857801514433333523e+00,5.387041733473333238e+01
4.204244255896666260e+01,1.698639388600000188e+00,5.241614832813333891e+01
3.825559581483333460e+01,5.152366874566666866e+00,5.673612492393332474e+01
3.771233961743333651e+01,4.448251655833334262e+00,5.746339793479999258e+01
3.794114994770000493e+01,5.053680332133333231e+00,5.731318085749999369e+01
4.318911328876667000e+01,-8.134491598033333659e+00,5.125554514366666581e+01
3.917909169816666548e+01,4.716517139933333880e+00,5.537715821706666475e+01
3.705231052163333061e+01,3.820267099900000130e+00,5.827634562316666234e+01
4.346844779263333436e+01,-8.547589935499999569e+00,5.092782451206667105e+01
4.334237496273333790e+01,-9.363815764166666611e+00,5.114623205103333703e+01
3.845020212796666925e+01,5.957001041766666560e+00,5.643877254326665849e+01
4.373876177483333549e+01,-6.940188500000000538e+00,5.074517810393333406e+01
4.406397495976667500e+01,-8.411503798466666737e+00,5.027754605096667007e+01
4.369510331699999739e+01,-1.051007340906666521e+01,5.067787640470000810e+01
4.373852177716666034e+01,-9.703014614933332282e+00,5.073290645873333915e+01
4.421741078739999153e+01,-9.181008403433333243e+00,5.018981618746666840e+01
4.387096969116667111e+01,-3.613295157833333437e+00,5.068357534486666083e+01
4.302802536120000099e+01,8.397164859333333675e-01,5.155505942540000319e+01
4.311872989529999955e+01,1.598593052033333350e+00,5.150637447116667289e+01
4.450432129103332812e+01,-5.386314223966667036e+00,4.992795724876666696e+01
4.436541572673333889e+01,-4.779294512633333269e+00,5.017795903670000257e+01
4.481762364496665896e+01,-6.511993576166666742e+00,4.968020765413333351e+01
4.464668736733333532e+01,-9.558184572166666726e+00,4.980312822596666678e+01
3.757161114693332848e+01,6.128251131299999876e+00,5.796309778716666727e+01
4.473919188766666366e+01,-4.313758983600000541e+00,4.982917191146666624e+01
4.510935122606667136e+01,-4.603621113166666667e+00,4.936697382363333730e+01
4.530127153516666993e+01,-5.623863127366667491e+00,4.907210482676666885e+01
4.463068146546667236e+01,-2.440809885400000212e+00,4.987559992626666627e+01
4.516564263149999903e+01,-1.461352094966666515e+00,4.936099863436666624e+01
4.465323304059999288e+01,-3.225909124799999805e+00,4.994667339633333114e+01
4.372184000649999547e+01,1.860399918766666660e+00,5.096638984233333503e+01
4.536658364606666538e+01,-3.556174940533333384e+00,4.914942161120000463e+01
4.556547181240000555e+01,-2.862452541266666817e+00,4.893107823416666946e+01
4.552160603503333647e+01,-4.194152939399999447e+00,4.897993458810000078e+01
4.580175180936666379e+01,-5.669055856933333359e+00,4.865516059779999836e+01
4.609348465900000491e+01,-4.411493546500000029e+00,4.838961824606666795e+01
4.505671513126666383e+01,3.425732717333333510e-01,4.957212100043333436e+01
4.606017713693333349e+01,-2.769930859400000056e+00,4.847667742059999796e+01
4.645681308903332507e+01,-3.316510536299999590e+00,4.805565771716666745e+01
4.566723830769999637e+01,-5.234008373666666492e-01,4.896383055846666821e+01
4.592334486256666537e+01,-9.050449099999997860e-02,4.869031599303333024e+01
4.660772604329999780e+01,-9.931023633333332587e-03,4.787849225163333244e+01
4.715648635926666543e+01,-1.077311890500000091e+00,4.726058807923333660e+01
4.707069667213333020e+01,-3.993231375333333166e-01,4.733364321490000037e+01
4.765186803290000483e+01,-1.388354371500000184e+00,4.677276721913333546e+01
4.738462554629999346e+01,8.260863390000000583e-02,4.702491156136667172e+01
4.872093977906666851e+01,-2.086969214466666500e+00,4.476226439730000806e+01
4.906987777620000202e+01,-2.636601981900000169e+00,4.433322313196666897e+01
4.787213248933333176e+01,2.762431792666666941e-01,4.659263845376667490e+01
4.991529714393333705e+01,-2.074838552266666358e+00,4.251422726956666764e+01
4.982203134516666410e+01,-6.672059240666667890e-01,4.264889279149999624e+01
5.017294539950000143e+01,-1.671146587433333330e+00,4.206693812573332991e+01
5.011986099750000534e+01,-9.822853613666667760e-01,4.210630223606666078e+01
4.972206178999999793e+01,-2.989219771833333539e+00,4.297666608450000325e+01
4.523772139606666087e+01,8.533848952466668081e+00,4.955711840770000975e+01
4.918425274806666181e+01,-1.693555847829999905e+01,4.355884940909999870e+01
5.043663225966667341e+01,-5.943333774333333652e-01,4.151438885796666511e+01
5.009523150243333589e+01,-1.116139714343333367e+01,4.332778730826666447e+01
4.611005177189999671e+01,8.211619171333333966e+00,4.838381679430000304e+01
4.569501599550000037e+01,8.800758420633334467e+00,4.915978507886666193e+01
5.137648073226666412e+01,-1.621246904500000197e+00,3.959076124469999769e+01
5.079027717976666878e+01,-1.169454391143333361e+01,4.169111515090000353e+01
4.983817694809999921e+01,-1.462682657386666563e+01,4.361699026143332958e+01
5.024895598009999276e+01,-1.342487556270000049e+01,4.295709656496666895e+01
4.712190810519999928e+01,8.267787762166665999e+00,4.739435793183333345e+01
4.667815855156666771e+01,9.249340605033331997e+00,4.788819830250000109e+01
4.972734235069999187e+01,-1.670962525330000048e+01,4.306809394509999578e+01
5.189239651689999988e+01,-1.167732218279999934e+01,3.956431713886667012e+01
5.094950886423333003e+01,-1.408478633343333364e+01,4.147342146489999948e+01
5.141651448006666669e+01,-1.232106207813333221e+01,4.077095498666667339e+01
5.147477518843333399e+01,-1.306410397406666668e+01,4.058421601083333741e+01
5.247242433146666230e+01,-1.166363045029999945e+01,3.782996138943332909e+01
5.287674554693333562e+01,-1.168202087790000121e+01,3.676661768733332991e+01
5.248509992360001064e+01,-1.247023536220000040e+01,3.778048876246666765e+01
5.285583827859999673e+01,-1.251830679070000052e+01,3.677666440600000186e+01
5.249813398770000816e+01,-1.070871005403333243e+01,3.849986864296666766e+01
5.042544954926666634e+01,-1.541419543290000149e+01,4.239845208870000448e+01
5.071811344689999856e+01,-1.578965632279999909e+01,4.175950463146666891e+01
5.250079368076666242e+01,-1.298160499290000125e+01,3.819072829803333491e+01
5.244907881230000157e+01,-1.292714299579999881e+01,3.876243642763333241e+01
5.049607976979999791e+01,9.180147059533334541e+00,4.148962319976666890e+01
5.091208474443333643e+01,9.788797563200001051e+00,4.036878695473333067e+01
4.946570082793333967e+01,1.054843546726666581e+01,4.358621450929999952e+01
4.978573221859999620e+01,1.102441887253333341e+01,4.274098008789999881e+01
4.917380959286666808e+01,1.070969978870000006e+01,4.418344632906666902e+01
5.048741973519999959e+01,1.035703599029999999e+01,4.153965097366666726e+01
5.093454507523333064e+01,1.136087407793333348e+01,4.056424429203332949e+01
4.832773208618164062e+01,-9.888985633850097656e+00,4.555525207519531250e+01
4.521664047241210938e+01,-6.727986335754394531e+00,4.932363128662109375e+01
4.569618988037109375e+01,-1.056102943420410156e+01,4.869321823120117188e+01
4.284478378295898438e+01,4.881479740142822266e+00,5.143189239501953125e+01
4.257366943359375000e+01,8.788507461547851562e+00,5.238695144653320312e+01
3.972921752929687500e+01,8.079369544982910156e+00,5.509804153442382812e+01
4.024364852905273438e+01,4.162216663360595703e+00,5.425634002685546875e+01
4.017635345458984375e+01,-1.645644378662109375e+01,5.332154846191406250e+01
3.941407775878906250e+01,-1.139113616943359375e+01,5.429577636718750000e+01
3.732654571533203125e+01,-1.595368957519531250e+01,5.699969863891601562e+01
3.934230041503906250e+01,-7.758248329162597656e+00,5.518833160400390625e+01
3.548294830322265625e+01,-4.666215419769287109e+00,5.848417663574218750e+01
3.594872665405273438e+01,-8.319554328918457031e+00,5.832554244995117188e+01
4.236960601806640625e+01,-7.146117687225341797e+00,5.222196960449218750e+01
4.145613861083984375e+01,-3.491970539093017578e+00,5.302120590209960938e+01
4.345249557495117188e+01,-1.494442939758300781e+01,5.004146957397460938e+01
4.270893096923828125e+01,-1.125897789001464844e+01,5.077889251708984375e+01
4.579542541503906250e+01,-1.454842567443847656e+01,4.731275939941406250e+01
3.415436935424804688e+01,6.643153190612792969e+00,6.024820327758789062e+01
3.467683029174804688e+01,2.893139839172363281e+00,5.988187789916992188e+01
3.763879776000976562e+01,3.391324281692504883e+00,5.737052154541015625e+01
3.796604537963867188e+01,-2.864541113376617432e-01,5.665088653564453125e+01
4.063539886474609375e+01,4.692991971969604492e-01,5.368111801147460938e+01
3.741588211059570312e+01,7.365188598632812500e+00,5.812704467773437500e+01
4.532500839233398438e+01,5.700648784637451172e+00,4.854358673095703125e+01
4.557512664794921875e+01,9.756686210632324219e+00,4.988242721557617188e+01
4.719371795654296875e+01,-2.100990056991577148e+00,4.726783370971679688e+01
4.635582733154296875e+01,1.899355888366699219e+00,4.803517532348632812e+01
4.370150375366210938e+01,1.179888248443603516e+00,5.085078048706054688e+01
5.140675354003906250e+01,-1.730545425415039062e+01,4.014028549194335938e+01
5.255134201049804688e+01,-1.615666389465332031e+01,3.719593048095703125e+01
5.089798355102539062e+01,-1.319121360778808594e+01,4.178676986694335938e+01
4.840975952148437500e+01,6.781713485717773438e+00,4.603925704956054688e+01
4.885717773437500000e+01,2.908907890319824219e+00,4.486714172363281250e+01
5.069790649414062500e+01,-2.835096120834350586e-01,4.079495239257812500e+01
5.037369537353515625e+01,3.529482126235961914e+00,4.171497726440429688e+01
5.117372512817382812e+01,-4.065587520599365234e+00,4.029317474365234375e+01
5.249667358398437500e+01,-3.312081813812255859e+00,3.658885955810546875e+01
5.169520187377929688e+01,-8.341359138488769531e+00,3.901334381103515625e+01
5.319463729858398438e+01,-7.254577636718750000e+00,3.612349319458007812e+01
4.929398345947265625e+01,-1.208153963088989258e+00,4.426335525512695312e+01
5.161149978637695312e+01,3.467001616954803467e-01,3.748657608032226562e+01
4.968543624877929688e+01,-4.925656318664550781e+00,4.340097808837890625e+01
3.785626220703125000e+01,-2.071926116943359375e+01,5.577779388427734375e+01
3.588337326049804688e+01,-1.178928565979003906e+01,5.781702041625976562e+01
4.698614501953125000e+01,-1.843008804321289062e+01,4.643356704711914062e+01
4.343291091918945312e+01,-1.976719665527343750e+01,4.927463912963867188e+01
4.044202804565429688e+01,-1.987895011901855469e+01,5.285360336303710938e+01
4.433486938476562500e+01,-2.749844312667846680e+00,5.028613281250000000e+01
4.851849746704101562e+01,-1.376556205749511719e+01,4.439339447021484375e+01
3.860617446899414062e+01,-4.113559246063232422e+00,5.583946609497070312e+01
4.793663024902343750e+01,-5.942182064056396484e+00,4.661690139770507812e+01
3.515979003906250000e+01,-8.274555802345275879e-01,5.937413024902343750e+01
4.980637359619140625e+01,7.333848953247070312e+00,4.279587936401367188e+01
4.782267761230468750e+01,1.048850440979003906e+01,4.656183624267578125e+01
4.938673019409179688e+01,1.132624626159667969e+01,4.356911087036132812e+01
5.157450103759765625e+01,8.358732223510742188e+00,3.934578323364257812e+01
5.150143051147460938e+01,4.364238739013671875e+00,3.830783081054687500e+01
5.134981536865234375e+01,1.229974651336669922e+01,4.018249511718750000e+01
5.043836212158203125e+01,-8.976037025451660156e+00,4.255881881713867188e+01
5.249138641357421875e+01,-1.239303684234619141e+01,3.851532363891601562e+01
5.347565078735351562e+01,-1.133777904510498047e+01,3.522835159301757812e+01
4.900530242919921875e+01,-1.791048431396484375e+01,4.352083587646484375e+01
5.346136474609375000e+01,-1.517307567596435547e+01,3.402178573608398438e+01
4.037320228259999766e+01,-1.572867123883333385e+01,5.273249229396666493e+01
4.082965928983333015e+01,-1.617417252023333063e+01,5.229989331760000226e+01
4.118508710710000287e+01,-1.520869262503333452e+01,5.197039769543332710e+01
3.798910141193333345e+01,-1.674734019286666964e+01,5.568663939000000340e+01
3.831307746113333224e+01,-1.630615195709999909e+01,5.515254472906665484e+01
3.769765346639999848e+01,-1.590913699516666746e+01,5.594559908653334190e+01
4.276157872119998871e+01,-1.532427224836666646e+01,5.032632648890000837e+01
4.006732664863333326e+01,-1.582268974920000026e+01,5.340545892413333462e+01
3.973107350259999748e+01,-1.530901578219999948e+01,5.372271040449999902e+01
3.930883488583333474e+01,-1.501725677693333161e+01,5.418638341143333292e+01
3.797647388080000042e+01,-1.737295138903333225e+01,5.568731674909999896e+01
3.753100999489999623e+01,-1.786806097873333599e+01,5.616860993373333599e+01
3.854378117623333111e+01,-1.844008633426666677e+01,5.495568838433333525e+01
3.902501234596666535e+01,-1.738230564559999891e+01,5.462457907023333092e+01
3.879872725436666769e+01,-1.655511395099999916e+01,5.475613630180000513e+01
4.003615048036666479e+01,-1.703155324823333316e+01,5.354420792073332791e+01
4.059877256786666777e+01,-1.734879546316666676e+01,5.292174938770000381e+01
3.957172911229999812e+01,-1.763447096790000046e+01,5.408730322276667124e+01
3.932909677399999993e+01,-1.887770837316666572e+01,5.420225278699999905e+01
4.255354459766666508e+01,-1.588354885110000048e+01,5.090003739619999834e+01
4.182733331630000606e+01,-1.474919320296666569e+01,5.169790131389999743e+01
4.010951775100000560e+01,-1.830883169303333702e+01,5.338247710433333282e+01
4.057250384633333340e+01,-1.805194171160000138e+01,5.293884190923333222e+01
4.021118048270000145e+01,-1.890229976870000073e+01,5.328138597366666573e+01
3.995704095236666831e+01,-1.955996688389999960e+01,5.347097837623334016e+01
4.221842898396666754e+01,-1.698444492299999808e+01,5.124542028413333128e+01
4.194364157083333566e+01,-1.758615903353333110e+01,5.147658079046666302e+01
4.104344227610000218e+01,-1.858378450606666732e+01,5.237025623116667106e+01
4.081856170660000060e+01,-1.908428323106666724e+01,5.263980027006666518e+01
4.146959774336666982e+01,-1.851114296280000104e+01,5.191335332036666728e+01
4.177459307699999869e+01,-1.902008443126666748e+01,5.131634786856667318e+01
4.208874662553333224e+01,-1.854111427436666659e+01,5.104735814529999516e+01
4.257273325139999542e+01,-1.887694830443333416e+01,5.059451914836666475e+01
4.110549433096667116e+01,-1.963053066893333209e+01,5.243785065756666341e+01
4.438837914783332650e+01,-1.553844289646666788e+01,4.899392895856666286e+01
4.432358808823332907e+01,-1.625562741170000081e+01,4.911504582456666412e+01
4.492267731496666983e+01,-1.543642238149999990e+01,4.845208320336666219e+01
4.411344183103333449e+01,-1.421021997453333263e+01,4.929798535176666974e+01
4.450935438533333155e+01,-1.389240196503333458e+01,4.891162167253332882e+01
4.386747487576666771e+01,-1.773401652569999953e+01,4.965122415126666056e+01
4.541800523763333786e+01,-1.317658740836666631e+01,4.811323621526666017e+01
4.624117295643333136e+01,-1.312023586153333277e+01,4.714827258143333211e+01
4.619310319969999767e+01,-1.385788364350000101e+01,4.717357706783332816e+01
4.476812803196666124e+01,-1.669592867309999917e+01,4.874892089689999608e+01
4.472492281613333631e+01,-1.732836225950000042e+01,4.881848967833332864e+01
4.625204654463333753e+01,-1.236769537203333336e+01,4.765286342473333292e+01
4.515274103830000030e+01,-1.246529882689999802e+01,4.857791811700000295e+01
4.648503790890000431e+01,-1.186240188379999871e+01,4.732342161213333043e+01
4.580042485323333068e+01,-1.591734682080000063e+01,4.769234615736666427e+01
4.749766013909999884e+01,-1.573977722386666755e+01,4.556525203480000386e+01
4.466042852920000428e+01,-1.865878965623333485e+01,4.891888566716666986e+01
4.514973734310000708e+01,-1.751561848089999884e+01,4.829180758850000643e+01
4.514334621009999893e+01,-1.813041799026666467e+01,4.829992852583333018e+01
4.698027847450000394e+01,-1.240023638376666781e+01,4.658164131640000249e+01
4.676586890589999967e+01,-1.430631945063333355e+01,4.673789522749999747e+01
4.594966337846665994e+01,-1.705209779756666322e+01,4.733993458379999453e+01
4.751733983913333503e+01,-1.114997697623333295e+01,4.617169599336666153e+01
4.764528650853333147e+01,-1.171012456973333293e+01,4.585199942086666169e+01
4.770065478126665681e+01,-1.061969794886666563e+01,4.592246340513333536e+01
4.806975131006666402e+01,-1.054736459013333416e+01,4.541400272453333287e+01
4.651685254009999682e+01,-1.535998912606666522e+01,4.693276425943332697e+01
4.686744550003333387e+01,-1.501611719619999974e+01,4.658482112133333430e+01
4.618804111779999744e+01,-1.765464917859999971e+01,4.711670978936666643e+01
4.723108603579999709e+01,-9.141342254633334719e+00,4.720708807243332927e+01
4.714295274259999502e+01,-9.751858269699999582e+00,4.734280968400000233e+01
4.627227830503333195e+01,-9.261005004533332752e+00,4.815201883689999818e+01
4.625710242426666241e+01,-1.135051183386666729e+01,4.817794220240000413e+01
4.697796602926666765e+01,-1.062222229743333379e+01,4.759111311963332724e+01
4.719354509629999939e+01,-1.557283918370000286e+01,4.629339746650000365e+01
4.730469405106666869e+01,-1.064897817453333317e+01,4.706532706333333493e+01
4.757625874053334059e+01,-1.388005966339999908e+01,4.603668495363333335e+01
4.808602361643333012e+01,-1.303716233663333490e+01,4.537538471063333390e+01
4.732857150923333478e+01,-7.666115169233333582e+00,4.704549193886666814e+01
4.668550902819999493e+01,-1.794536625203333458e+01,4.669439787393332608e+01
4.821872041066666270e+01,-7.549623998100000399e+00,4.625412147189999956e+01
4.840989979556667322e+01,-1.109961175519999976e+01,4.514178167323333213e+01
4.814635722246666205e+01,-9.010174366400001134e+00,4.636772551516666141e+01
4.908027956069999931e+01,-6.563535161499999937e+00,4.436427940323333274e+01
4.900589176140000092e+01,-8.012734123233332895e+00,4.455565890323333633e+01
4.949682546563332863e+01,-7.708815199066666679e+00,4.404568823420000712e+01
5.177614606680000264e+01,-6.093656516000000245e+00,3.849252672726667157e+01
4.801458394406666486e+01,-1.610111955576666887e+01,4.550108983679999852e+01
5.155111268796667190e+01,-7.008338442999999529e+00,3.911931293236666818e+01
5.165713805669999914e+01,-7.704959119566666459e+00,3.890550915096666529e+01
5.199853448943333234e+01,-7.474413217766667117e+00,3.823361736026666335e+01
5.150090226320000397e+01,-5.290479974233333493e+00,3.943548819973332797e+01
5.147645391266667048e+01,-8.426849090499999306e+00,4.011571269963334174e+01
5.146059165136666280e+01,-7.209064212633332858e+00,4.035460010069999726e+01
5.144539351926666626e+01,-7.817257743933333280e+00,4.054032260106666286e+01
5.062789904393332563e+01,-6.130211789933333932e+00,4.189958899209999998e+01
5.095030443406665910e+01,-5.932420569800000543e+00,4.135841497443333736e+01
5.061514481536666921e+01,-6.749080635166667008e+00,4.211713124916666828e+01
5.124428904856666378e+01,-6.799304423100000605e+00,4.101197958843332714e+01
3.755296048293333655e+01,-1.472780630846666661e+01,5.562340638216667088e+01
3.738284749660000017e+01,-1.494959467900000050e+01,5.615816031416667187e+01
3.732368057640000103e+01,-1.437584155333333591e+01,5.643359130366666676e+01
3.873858965950000055e+01,-2.656749129633333428e+00,5.536241957520000057e+01
3.690143805306666280e+01,-9.213164034466666763e+00,5.732617687886666857e+01
3.763654843059999422e+01,-1.041804698023333309e+01,5.668845941366667063e+01
3.673371418233333685e+01,-8.751868983799999668e+00,5.771516637286666196e+01
3.920939279739999961e+01,-4.476616846899999835e+00,5.496190382096666127e+01
3.902542862646667032e+01,-3.164443184766666750e+00,5.511157399429999515e+01
3.749108432369999377e+01,9.460472013999999819e-01,5.701947170683333610e+01
3.711871329840000300e+01,-8.152824499800001234e+00,5.755434347483333113e+01
3.784837979856666834e+01,-7.602446098200000613e+00,5.671644059490000700e+01
3.804419054703333103e+01,-6.610433458000000151e+00,5.650400942280000294e+01
3.749514769493332977e+01,-6.893880091100000662e+00,5.730633232666665577e+01
3.835307191883332933e+01,-1.353208080553333303e+01,5.515273517606667042e+01
3.849032026096666215e+01,-1.480643988286666435e+01,5.496914953919999647e+01
3.782128689510000186e+01,-1.367672142210000175e+01,5.588199468413333193e+01
4.067233212443333201e+01,-9.193357113966667882e+00,5.351473471989999808e+01
3.735831092520000851e+01,-4.602097433299999096e+00,5.749438627293333326e+01
3.793087556823333273e+01,-5.000436900899999593e+00,5.660607266606666599e+01
3.717589226173333117e+01,-5.725965927533333222e+00,5.773852547223333431e+01
3.704769334080000220e+01,-5.153685099599999653e+00,5.798871541019999398e+01
3.727547567736666423e+01,-3.889892978199999352e+00,5.790308179430000024e+01
3.944188774786666585e+01,-1.301058835669999958e+01,5.398376563613333445e+01
3.853818867216666177e+01,-1.285065508743333140e+01,5.493003356596667430e+01
3.979364476769999470e+01,-1.415226210426666853e+01,5.360487518150000597e+01
4.012116546509999893e+01,-1.352724642676666633e+01,5.335315803383333133e+01
3.755032855743333187e+01,-1.546935267753333143e+01,5.647637966903334217e+01
3.818621566423333746e+01,-8.709359588833335053e+00,5.637121372316666879e+01
3.824617956250000361e+01,-8.076199668100001006e+00,5.634871473090000649e+01
3.840341795756666698e+01,-4.857854140933333120e+00,5.607976940896666207e+01
3.869989412206666657e+01,-5.464225080933332812e+00,5.582271830453333905e+01
3.725839834349999791e+01,-6.916064958300000676e+00,5.786791179989999279e+01
3.858228952423333169e+01,-1.001342979516666709e+01,5.600779593166667070e+01
3.701216625949999894e+01,-6.310222273433333307e+00,5.819236059356666146e+01
3.900954920973332918e+01,-1.378518259900000098e+00,5.544134778303333633e+01
3.855811104586666715e+01,-2.823228683333333655e-01,5.595393836276667088e+01
3.897394879699999848e+01,-6.322001317000000009e-01,5.548232233826666970e+01
3.516909364553333717e+01,2.302951848899999820e+00,5.929898842083333221e+01
3.972738595436666742e+01,-8.429838473399998477e+00,5.478966983826666848e+01
3.976839292683333582e+01,-9.535289505533333099e+00,5.460539324486666146e+01
3.919602820883333294e+01,2.278064852666666695e+00,5.507237561773333567e+01
3.974730271943332838e+01,2.920013178766666329e+00,5.444274173253333515e+01
4.009280146263333222e+01,-8.063094520299999957e+00,5.441599807596666238e+01
4.006186919943333891e+01,-5.418503135033333251e+00,5.443738367533333644e+01
3.965326414953332801e+01,-1.542407603500000057e+00,5.488116585546666215e+01
4.107119241383333019e+01,-1.316139845343333370e+01,5.237981973636667021e+01
4.041997815459999543e+01,-5.920660116266666328e+00,5.404318713410000186e+01
4.037349918276666472e+01,-6.529387483633333211e+00,5.414093807783333290e+01
4.056979838923333403e+01,-4.593018727966666326e+00,5.391404344613334132e+01
4.104191745330000884e+01,1.209339527666666442e-01,5.314788654256665978e+01
4.104925353476667027e+01,1.088240873466666647e+00,5.299093253473333220e+01
3.841628909389999791e+01,7.186355909999999625e-01,5.610084226410000241e+01
4.166315424933333134e+01,-1.355000464949999817e+01,5.178772914460000010e+01
4.154035476033333651e+01,-1.415713172873333292e+01,5.198279272810000151e+01
3.945187627696666510e+01,-3.604187780000001062e-02,5.500634770803333140e+01
4.000719764029999936e+01,-1.136430927333333285e+00,5.453792616596666676e+01
3.879664155683332893e+01,2.016476407200000320e+00,5.574080699926665972e+01
3.845157014326667166e+01,2.539979983533333652e+00,5.609804947536667186e+01
4.111209373319999827e+01,-5.712891836866666573e+00,5.322998180946666480e+01
4.119706610496666599e+01,-6.641729995299999523e+00,5.314812297326667334e+01
4.065715271673332865e+01,-3.787649783866666287e+00,5.380039438123333184e+01
4.081737201589999842e+01,-2.231802222666666502e+00,5.372573154486667590e+01
4.119124963826666175e+01,-2.620575244333333220e+00,5.330717135800000506e+01
3.940109703593333279e+01,8.173049263666666286e-01,5.511601412976667547e+01
4.253357490319999812e+01,-5.439238561233334046e+00,5.168569953273333084e+01
4.266391265850000281e+01,-6.407068757300000250e+00,5.166902500013333110e+01
4.213232178330000011e+01,-1.344290511700000046e+01,5.127417533020000207e+01
4.199285839459999892e+01,-1.229695327360000157e+01,5.140000288310000087e+01
3.675518729969999754e+01,-3.620948795066666559e+00,5.843517804373332325e+01
4.203888244090000370e+01,-6.088304223366666434e+00,5.239833637846666647e+01
4.146549947110000289e+01,-8.059969884133332485e+00,5.300657937496666250e+01
3.968479793950000101e+01,1.221985752733333319e+00,5.473032276446667055e+01
4.021758645896667161e+01,-1.260728016666667027e-02,5.422144570473333403e+01
4.055360236633332960e+01,-4.738980850666666966e-01,5.391850340936667152e+01
4.256715762763333544e+01,-1.406937493016666707e+01,5.087786968470000915e+01
4.293224349420000152e+01,-1.370733334280000015e+01,5.051971702573333545e+01
4.220059781206666827e+01,-4.191395918499999595e+00,5.221847407726667001e+01
4.223588799323333376e+01,-3.278373249733333328e+00,5.224485793306666892e+01
4.126424351103333521e+01,-1.068082871199999895e+00,5.332201583140000167e+01
4.066001074753333455e+01,2.135868824266666355e+00,5.381573139886666723e+01
4.108748424146666878e+01,1.743723812100000048e+00,5.330666811716665876e+01
4.162619824333333440e+01,-8.755784694133332380e+00,5.279327109586666467e+01
3.827938743116666842e+01,3.866745165699999820e+00,5.635429378696667158e+01
4.177550644543332936e+01,-1.226149942466666865e+00,5.285530096113333798e+01
4.261317914450000188e+01,-9.634775347666666434e-01,5.188706577213333304e+01
4.221876002043332932e+01,4.558054953633333461e+00,5.158312956283333506e+01
4.157203885063333360e+01,4.274310515866666549e+00,5.259039726053333652e+01
4.241701152670000141e+01,3.863098491633333520e+00,5.166871051036665818e+01
3.733690212956666699e+01,2.575562137633333304e+00,5.797642135596666435e+01
4.307834223306665677e+01,-2.765123535133332755e+00,5.137778743323332975e+01
4.327217282149999988e+01,-3.430729971866666617e+00,5.120094424239999853e+01
4.254391418209999642e+01,-1.968291460733333276e+00,5.204144746163333224e+01
4.119012073973333798e+01,6.950282274166667662e+00,5.294897174060000111e+01
4.346233957519999791e+01,-5.693565242800000981e+00,5.108388643483333880e+01
4.333825848693333427e+01,-1.407590409656666708e+01,5.018786159670000302e+01
4.371665879633332707e+01,-1.363715916503333325e+01,4.978332800679999792e+01
4.318756550113332793e+01,-1.223550449103333371e+01,5.049297040299999395e+01
4.027143771146666040e+01,6.077008610133333377e+00,5.417112988030000764e+01
4.142122721743333358e+01,5.732831924999999273e+00,5.301263625903333576e+01
4.028400155236666791e+01,4.917471172900000020e+00,5.416422708479999670e+01
4.003245439706666531e+01,5.443859091933333616e+00,5.436431207473333416e+01
4.369954460790000184e+01,3.092181113166666773e+00,5.057699527966666864e+01
4.299935207363333234e+01,3.762917064833333658e+00,5.122320654976666532e+01
3.984903444180000065e+01,6.806574964300000197e+00,5.466729182933332964e+01
4.592208640950000387e+01,-8.791576183100000108e+00,4.839272301873333504e+01
4.535828661720000810e+01,-8.765747214566667722e+00,4.887859538110000557e+01
4.523943234696665883e+01,-7.933339617600000615e+00,4.910367333386665933e+01
4.235819377016667175e+01,7.208408787633334036e+00,5.167229209306666604e+01
3.925959088726666124e+01,6.818789041699999665e+00,5.523430404316666653e+01
3.889422561696667202e+01,7.569534940699999659e+00,5.569522472786667322e+01
4.188031531203333913e+01,8.411120626699998937e+00,5.217757579853332572e+01
4.110866590883333771e+01,8.097035273400001287e+00,5.351415028039999555e+01
4.304472454513332735e+01,7.607208600033334100e+00,5.129033513770000496e+01
4.275554630043333049e+01,8.126398505733332556e+00,5.169739870303333618e+01
4.223302999556666038e+01,6.610642564900000018e+00,5.235687257223333546e+01
4.529560455576666556e+01,-1.160965225239999832e+01,4.909909559769999987e+01
4.467469163979999536e+01,-1.192751726056666683e+01,4.939366014960000228e+01
4.375293688673333037e+01,6.422024495733333005e+00,5.047460017220000594e+01
4.366095894116667608e+01,7.037705538600000033e+00,5.049434975643333701e+01
4.369495109883333583e+01,5.424032533233333453e+00,5.087559622423333394e+01
4.468618550643333265e+01,3.899151361099999935e+00,4.981496605833333291e+01
4.405621342373333249e+01,2.472896265266666838e+00,5.052651401246667007e+01
4.643662972733333305e+01,-7.645057832100000006e+00,4.806141217216666206e+01
4.519669241583333275e+01,-1.088341984870000090e+01,4.925326819600000050e+01
4.847260350499999504e+01,-5.215483714866667064e+00,4.486675308350000790e+01
4.882365846703333290e+01,-5.177675605666666847e+00,4.432970431516665855e+01
4.839744218900000305e+01,-4.550858477700000293e+00,4.522828906993333931e+01
4.900886442803332699e+01,-4.503913992866666938e+00,4.418028624933333504e+01
4.864821589210000496e+01,-3.779494597800000744e+00,4.459389761060000268e+01
4.446024242280000038e+01,5.231521382466667092e+00,4.990676084573333782e+01
4.481581135016667616e+01,4.686978747133333734e+00,4.954359012733333856e+01
4.565539223913333444e+01,3.622373503566666653e+00,4.885157717503333430e+01
4.499970118760000304e+01,1.906003022333333297e+00,4.955190685566666531e+01
4.545189013603333450e+01,1.770806788666666520e+00,4.901659063500000002e+01
4.712871980829999785e+01,-4.979270341766667052e+00,4.734217822349999238e+01
4.468200870493333099e+01,5.964036718733333409e+00,4.972896054783333142e+01
4.958090741056665962e+01,7.241350265666666175e-01,4.219274855319999773e+01
4.958653577179999417e+01,1.242933121700000143e+00,4.258933144853332919e+01
4.359190475950000376e+01,7.579017204166665245e+00,5.098512821329999412e+01
4.588667449406667487e+01,6.441091716699999914e+00,4.811696505413333824e+01
4.870142598033333314e+01,-9.830455293533333361e+00,4.442130644430000075e+01
4.893880064923333606e+01,-1.038680591183333313e+01,4.420370138599999876e+01
4.581064546956667272e+01,4.466903233933333439e+00,4.867811191636666734e+01
4.858738893733333697e+01,2.790287310333333104e-01,4.480393399003332888e+01
4.844726888509999441e+01,5.574175758666667369e-01,4.534230916290000124e+01
4.662895307956666358e+01,3.295129022333333157e+00,4.783634453820000232e+01
4.822409148130000034e+01,-6.490010547266666485e+00,4.626632008506666693e+01
4.856910843280000023e+01,-6.346204334633333666e+00,4.553772421083333910e+01
4.927344175866667086e+01,-5.768246822866665902e+00,4.411892133576666453e+01
5.017133811943333654e+01,8.453589696000000098e-01,4.156346061713333029e+01
5.022823350606666537e+01,3.721414482999998996e-01,4.116729075913332991e+01
4.981464284006667498e+01,-2.886545476666666984e-02,4.233400577193333447e+01
4.896114494956666618e+01,-8.626625772166667261e+00,4.457452947713333202e+01
4.846661949203333819e+01,-8.600323525733331920e+00,4.574722120243333734e+01
4.837192421333332959e+01,-5.444847058333333045e+00,4.596046294620000339e+01
4.888532361393333758e+01,-1.103698692056666708e+01,4.462581024563333898e+01
4.936689146146667184e+01,-9.000396172533333683e+00,4.409218822959999784e+01
4.690473942526667628e+01,3.815616553166666591e+00,4.765997562063333248e+01
5.165795514650000086e+01,1.262570892433333425e+00,3.771631289153333455e+01
5.033777554446667324e+01,-1.034104023296666774e+01,4.158976898366666575e+01
5.098999361656666451e+01,-1.007431197053333172e+01,4.096486372033333367e+01
5.037544328406666949e+01,-4.997135026166667160e+00,4.164791549780000679e+01
5.079907866156666074e+01,-5.312605377633333070e+00,4.114694709880000545e+01
4.986655884953333384e+01,-4.055710699599999636e+00,4.272284171380000117e+01
4.828234371689999449e+01,2.319171415833333416e+00,4.570259219039999721e+01
4.908288280139999671e+01,-1.173131095046666594e+01,4.443877972796666853e+01
4.456296782716666627e+01,7.406422533733334035e+00,4.991286421489999725e+01
4.540477326006666914e+01,7.173944290433333038e+00,4.908740224740000002e+01
4.816830436650000280e+01,-3.406872954000000231e+00,4.621572318796666679e+01
4.843966924270000618e+01,-3.219177671500000226e+00,4.565758441266666523e+01
5.129061043116666951e+01,-2.278201713333333212e-01,3.869147323683333184e+01
5.131952372419999620e+01,1.213243204166666755e+00,3.910648165583333480e+01
5.017101576016667508e+01,-3.910075163300000156e+00,4.210123936789999988e+01
5.057638927063333512e+01,-2.859548641466666652e+00,4.139048197036666465e+01
5.031276651019999946e+01,-3.098397714900000377e+00,4.200884102010000021e+01
5.209558938809999518e+01,-9.202182479366667778e+00,3.796067968633332868e+01
5.071829179733333604e+01,-9.020115963366665213e+00,4.164140508243333016e+01
4.685493198729999875e+01,6.483361896999999097e+00,4.697523731023333227e+01
4.667287261249999375e+01,7.013857820333332604e+00,4.735363745483333986e+01
4.896076380130000416e+01,-1.505074464810000023e+01,4.440194025759999619e+01
4.930786526490000909e+01,-1.434677783463333434e+01,4.406242841000000254e+01
5.000379912966666751e+01,-6.037181455099999816e+00,4.311996372720000181e+01
4.999240794846667058e+01,-6.651218498266666224e+00,4.328903989126666829e+01
4.803662218526665839e+01,-1.739662275706666605e+01,4.546663617749999275e+01
5.119551284883332443e+01,-3.021579278866667106e+00,4.018061777020000136e+01
5.112931361683333620e+01,-2.178134442300000195e+00,4.026047612830000588e+01
5.146567003433333554e+01,-2.952101892566666663e+00,3.916777491260000232e+01
5.171633169973333111e+01,-2.784803615299999979e+00,3.808428912499999797e+01
4.990908315023333586e+01,-8.753341590799999850e+00,4.339760820253332696e+01
4.999427034256666502e+01,-8.075652266266665436e+00,4.336997878103333193e+01
4.742935159876666518e+01,1.324434855166666702e+00,4.701578200410000363e+01
4.795894510073333095e+01,1.182814368700000118e+00,4.652248084463332845e+01
5.033993510580000219e+01,-5.803059982433332209e+00,4.237749525269999396e+01
4.965938203790000216e+01,-1.184358585070000025e+01,4.386798328553333448e+01
4.995759400903332903e+01,-1.254734016539999963e+01,4.358943491626666855e+01
5.024302933866666621e+01,-9.822477742866666972e+00,4.313430433403332387e+01
5.212660075933333559e+01,-5.026502020733333076e+00,3.842247351453332982e+01
5.031578969603333462e+01,-7.035965870833333469e+00,4.276411367383332873e+01
5.048793500529999534e+01,1.514437636433333401e+00,4.136539642549999485e+01
5.075180004593332939e+01,1.971800128733333324e+00,4.078169170889999862e+01
4.751559176866666689e+01,5.573165632966667005e+00,4.676560323589999513e+01
4.849769998496666545e+01,-1.727632550896666430e+01,4.432741600099999602e+01
4.890140874566666440e+01,-1.635568511176666462e+01,4.411835677376666354e+01
4.920158292043333148e+01,-1.572198921403333394e+01,4.417524045666666410e+01
4.950101400226666470e+01,-2.370489078333333222e-01,4.366624151123333064e+01
5.204678372366666395e+01,-2.714435130466666291e+00,3.754083118400000529e+01
5.120480788569999930e+01,-7.950790702266666621e+00,4.119572579266667134e+01
5.262268576873333359e+01,-1.033636297683333360e+01,3.698321667733333129e+01
4.966267398613333484e+01,3.346972950099999622e+00,4.324235399416667036e+01
5.134259964593334047e+01,-8.961416395100000543e+00,4.067915067109999683e+01
5.136586710293332914e+01,-9.688045307866666178e+00,4.063259008069999823e+01
5.160758611960000053e+01,-9.990739694766666901e+00,4.000880252973333739e+01
5.150520712336666662e+01,2.213102490333333172e+00,3.851438014203333893e+01
5.175358744950000300e+01,1.953382884433333189e+00,3.790991523706667010e+01
5.144546569926666280e+01,-5.761074109199999960e+00,4.036647339730000539e+01
5.148405667480000147e+01,3.014535246066666563e+00,3.856214544123333354e+01
5.173449179726666358e+01,3.171885146933333122e+00,3.798252967133333158e+01
5.028572698923333206e+01,2.768511179266666122e+00,4.198457150873333177e+01
5.079373312530000106e+01,2.841869163666666420e+00,4.074405342429999877e+01
5.295712735886667133e+01,-8.526860720166666852e+00,3.612106215143333543e+01
5.262097059533332555e+01,-7.770614748499999003e+00,3.727235047963333159e+01
5.248701191896666529e+01,-6.091234379766667040e+00,3.770065128400000276e+01
5.245940824443332673e+01,-5.243188607433332926e+00,3.783238220563332987e+01
5.266688097893333520e+01,-6.267145989966667052e+00,3.715334425256666151e+01
4.833000457653332660e+01,4.895498157166667141e+00,4.586670141316667326e+01
4.943623114729999912e+01,4.570229114233333334e+00,4.362773188919999967e+01
4.840762668200000007e+01,6.084719457433333645e+00,4.556422636296667150e+01
5.013546100290000140e+01,5.335416797566666425e+00,4.242683116836666812e+01
5.112501923619999644e+01,3.147694624233333460e+00,4.027861641726666875e+01
5.118430032673333585e+01,3.919695811333333779e+00,4.021336188613333462e+01
5.147178301359999608e+01,3.280405396600000412e+00,3.915297005773333439e+01
5.135528920116666995e+01,2.868270544733333427e+00,3.976011563380000524e+01
5.118624508060000267e+01,5.194695193566666980e+00,3.946886703003332997e+01
5.124057979926666917e+01,5.858763178533333615e+00,3.896574880210000202e+01
5.089032061463333179e+01,5.508530062666667781e+00,4.017553481623333056e+01
5.094779868656667077e+01,6.125830454199999942e+00,4.013560041383333754e+01
5.198482304446665836e+01,-1.094404571263333281e+01,3.944923105269999297e+01
5.229838645066666913e+01,-1.058611388836666656e+01,3.907202502949999712e+01
4.910769492093333355e+01,6.743782701299999793e+00,4.446577089430000029e+01
5.141872719500000244e+01,4.565361783000000173e+00,3.916230528046666137e+01
5.142944956546666191e+01,4.026144461833333743e+00,3.952152807826666958e+01
4.934888773783333704e+01,5.770606292433332563e+00,4.394680539730000390e+01
5.081368490420000938e+01,5.047831980233333127e+00,4.080784490030000455e+01
4.731780414416666503e+01,7.754144004099999599e+00,4.709763825030000106e+01
4.779526520350000141e+01,7.912652079766665736e+00,4.667590771263333949e+01
5.043655242330000732e+01,5.722951065166665963e+00,4.176004475373333236e+01
5.047038611709999856e+01,6.291602374400000031e+00,4.155043359746667164e+01
5.099463291773333395e+01,6.726159958733333610e+00,4.049871397169999909e+01
5.002475570680000061e+01,6.785685709000000010e+00,4.261232152873333234e+01
5.262602143296666668e+01,-1.473824749786666644e+01,3.731007105146667158e+01
4.850502982399999752e+01,1.028861336093333279e+01,4.495232972163333329e+01
4.881514971120000013e+01,1.025362768823333326e+01,4.441572981950000099e+01
5.196972972220000742e+01,-1.551925568800000121e+01,3.946256088559999853e+01
5.164690316706666096e+01,-1.527132519319999915e+01,4.005315666239999928e+01
5.136529648769999312e+01,-1.570619131283333303e+01,4.067918755783333751e+01
5.035237552876666456e+01,6.675589071633333482e+00,4.205710666329999725e+01
5.230920577356666712e+01,-1.529490443303333258e+01,3.876867210759999693e+01
5.232318879766666697e+01,-1.457515428833333182e+01,3.863505778576666927e+01
5.166738926970000279e+01,-1.459534082846666614e+01,4.025256614770000141e+01
4.937050333766666199e+01,7.920957393633333510e+00,4.390168208096667257e+01
4.935663083046666344e+01,8.554206097300001588e+00,4.380619370433333870e+01
5.007821223306666525e+01,8.058365671966667421e+00,4.248945819233333054e+01
4.991424450133333579e+01,8.781239247366665168e+00,4.252851098093333349e+01
5.317525057136666788e+01,-1.542883447643333206e+01,3.621095763633334030e+01
5.039044179533332368e+01,7.884511837533334067e+00,4.198381394003333611e+01
4.960836962056666977e+01,9.616255279766667385e+00,4.308398600020000657e+01
5.020937606583333235e+01,9.256762270566666118e+00,4.206172841010000241e+01
5.015862919953332977e+01,9.923398403200000217e+00,4.212776625580000456e+01
5.066514349810000084e+01,8.111347360000001672e+00,4.097018599576666986e+01
4.949390301826665706e+01,9.917470198766666911e+00,4.364461379830000709e+01
3.832867227273332844e+01,-1.175714857946666569e+01,5.541015868503333763e+01
3.822584036163333110e+01,-1.121845785886666569e+01,5.591035678353333793e+01
3.915780110966667138e+01,-1.206448242093333256e+01,5.436075486823333591e+01
3.630502636250000137e+01,-2.813254175199999541e+00,5.850735546410000865e+01
3.651250892376666712e+01,-1.462311568666666561e+00,5.846167234766667065e+01
3.790468084366666801e+01,-2.788622624600000321e+00,5.651984672160000400e+01
3.743041745040000023e+01,-1.210966279726666528e+01,5.690061282290000122e+01
3.738043469560000176e+01,-1.301414766223333253e+01,5.681210868963333382e+01
3.992685553839999812e+01,-1.146005151770000019e+01,5.365139058066666422e+01
3.920698557816666607e+01,-1.111868356099999922e+01,5.480390633256666888e+01
3.580642838623333546e+01,5.155543157333333237e-01,5.886691897649999561e+01
3.728755900806666546e+01,-2.252951943466666496e+00,5.789650639829999790e+01
4.049475200799999897e+01,-1.154550029916666709e+01,5.303167648176665949e+01
4.074066284146666561e+01,-1.040322773276666801e+01,5.314594033753333946e+01
3.703405224400000151e+01,-8.137203481333333821e-01,5.834198581463333966e+01
4.174752345983333157e+01,-1.097133451216666877e+01,5.183460065169999353e+01
4.172725705506666571e+01,-1.023163169903333269e+01,5.213878477896667363e+01
4.217953915489999872e+01,-1.118032789330000121e+01,5.131186344673333366e+01
4.231839330553333411e+01,-1.175818222569999882e+01,5.108021869153333228e+01
3.531502376939999976e+01,3.662151797933333341e+00,5.923079772940000254e+01
3.543089646349999811e+01,4.267553485433333016e+00,5.906817855066666567e+01
3.602093664173332854e+01,4.314069551366666921e+00,5.868389591569999908e+01
3.650953422023332706e+01,3.685016500766666425e+00,5.853623253140000315e+01
4.118850057629999384e+01,-9.356335331166667046e+00,5.322603502536666298e+01
4.269953946620000096e+01,-1.066932917203333453e+01,5.117532640159999602e+01
4.227952414829999839e+01,-9.687488712766667120e+00,5.187000300630000282e+01
4.281979086436666648e+01,-9.916192804633332969e+00,5.142928183389999930e+01
3.530580663166666966e+01,5.465139691866666816e+00,5.914959669929999819e+01
3.594780251616666789e+01,5.169519440166666868e+00,5.872179776266667517e+01
3.513324046649999843e+01,6.268091505200000135e+00,5.938078746540000452e+01
3.878611362520000228e+01,4.452118538133333914e+00,5.576743612699999630e+01
4.155711294610000550e+01,2.159596899599999897e+00,5.294196929369999793e+01
4.328188634553333713e+01,-7.285906017500000331e+00,5.119389168189999850e+01
3.724724313606666470e+01,4.512629865766666803e+00,5.803754474739999836e+01
3.710939309473333481e+01,5.087409271866666138e+00,5.821380036699999749e+01
4.106656537536666463e+01,3.188512352533333427e+00,5.349165803630000227e+01
4.106813433509999101e+01,3.912105838166666683e+00,5.348507178500000236e+01
3.929661372149999465e+01,5.362010842933333521e+00,5.517472232329999571e+01
3.894615348136667166e+01,6.007374438533332750e+00,5.554855234269999897e+01
4.410308445976667002e+01,-1.163116748226666708e+01,4.987949065536667348e+01
4.419892876933332815e+01,-7.310137513566666634e+00,5.023979280266667047e+01
4.436304837160000147e+01,-7.959004512499999073e+00,5.002432859416666844e+01
4.384220425853333580e+01,-6.184889219533332927e+00,5.071025389603332911e+01
4.154270381810000146e+01,2.882452749866666775e+00,5.307227327696666208e+01
4.416239742470000351e+01,-1.086110724989999987e+01,5.016334850116666644e+01
4.399970493699999707e+01,-4.476344975266666637e+00,5.057599108496666673e+01
4.381613626519999372e+01,-1.849538887966666545e+00,5.069159938666666676e+01
4.267130622276666685e+01,1.981789521499999873e+00,5.189684354143333422e+01
4.437342696393333341e+01,-5.977064850800000606e+00,5.008703144340000080e+01
3.839211644010000413e+01,6.603815456766667147e+00,5.684529615359999610e+01
3.852270252320000310e+01,7.404934752533333331e+00,5.641599663773333617e+01
3.702283929793333073e+01,6.400416525833333203e+00,5.832865971109999492e+01
4.342743095630000738e+01,-7.081435473333337616e-02,5.107955122316666774e+01
4.340370955413333576e+01,7.239920774000000447e-01,5.112039366549999642e+01
4.269590210126666108e+01,2.699692624433333688e+00,5.184798416456666814e+01
3.762068671139999765e+01,5.495030879366666454e+00,5.785034606443333161e+01
4.474656793406666111e+01,-7.089766958466666047e+00,4.979804480549999113e+01
4.142417744906666854e+01,4.477588371066666184e+00,5.315363137583333497e+01
4.389411472673333492e+01,-2.044693152000000291e-01,5.066056019563333024e+01
4.410850038983333121e+01,-9.985426942999998667e-01,5.047687024593333405e+01
4.463509246480000314e+01,-1.043122462450000043e+01,4.983169059370001008e+01
4.445929141679999930e+01,5.073384435000000137e-01,5.007069612706666817e+01
4.442508794540000139e+01,1.227820952100000085e+00,5.011078442883333395e+01
4.501341735680000511e+01,-5.198351727599999528e+00,4.939140497116667206e+01
4.491068753633333444e+01,-7.738633957400000263e+00,4.958258059699999620e+01
4.505345373420001209e+01,-2.199095577833333426e+00,4.940605832040000678e+01
4.475660718303333141e+01,-9.065640121666667106e-01,4.982098425579999912e+01
4.487711714299999954e+01,-3.677917216500000475e+00,4.969547516749999971e+01
3.800025956590000220e+01,6.645013052999999559e+00,5.759401523606666728e+01
4.624340399443332927e+01,-5.185448263366667199e+00,4.826872578546666404e+01
4.513964523439999965e+01,-2.772558048333332859e-01,4.950609907886666861e+01
4.655368887259999866e+01,-3.986777791466666443e+00,4.793802031796666796e+01
4.574047943136667271e+01,-1.256374981733333174e+00,4.885701289296665806e+01
4.612299585860000661e+01,-1.901596782733333102e+00,4.844767176543333420e+01
4.581373726629999510e+01,7.409268164666666934e-01,4.873735659453333824e+01
4.643753272983332891e+01,-1.496930215033333234e+00,4.810374304206666807e+01
4.631112285746666402e+01,-4.188120676666666764e-01,4.823956960416666817e+01
4.626005264170000686e+01,1.060731798233333301e+00,4.824820672940000321e+01
4.690202468366666722e+01,-2.717284168566667102e+00,4.759251957379999709e+01
4.681992560279999793e+01,-1.766037923966666590e+00,4.766961055386666857e+01
4.726522272300000083e+01,-2.959023484799999881e+00,4.715598535383333001e+01
4.666626342379999670e+01,6.381815348000000609e-01,4.784008877536666660e+01
4.775470266216667170e+01,-2.682793125966666636e+00,4.670088801686666358e+01
4.792530849363333800e+01,-2.106633971833333341e+00,4.656000821916666155e+01
4.714502436750000669e+01,6.874574777666667691e-01,4.730593740216666987e+01
4.314216747976666966e+01,8.564709838433332223e+00,5.195872863973333011e+01
4.392374663433332671e+01,8.219910622666667166e+00,5.090495595146666119e+01
4.436270976636666319e+01,8.137580992600000229e+00,5.032967185670000276e+01
4.835971189133332615e+01,-1.972562308199999892e+00,4.542518774286666172e+01
4.833503558543333156e+01,-2.441009098099999886e+00,4.582741504526666176e+01
4.839528863329999808e+01,-1.062733666933333376e+00,4.560911487759999972e+01
4.862815789436666591e+01,-5.235879587999999751e-01,4.502685592910000167e+01
4.893046303403333042e+01,-7.684798550999999422e-01,4.453634491863332556e+01
4.809717186666666322e+01,-8.129008565000001019e-01,4.622410117996667367e+01
4.818992107549999560e+01,4.633696466666670233e-03,4.618021740433334088e+01
4.376318759929998947e+01,8.686413351233332136e+00,5.147149281256665887e+01
4.948840964513333773e+01,-1.972424794666666870e+00,4.326090494460000713e+01
4.952564128699999202e+01,-8.627736129333333226e-01,4.329528684843333508e+01
4.942715438979999476e+01,-1.433081970366666624e+00,4.371633241333333331e+01
4.946901491316666721e+01,-2.511008061233333422e+00,4.357121178749999757e+01
5.006036552709999654e+01,-2.760881053400000340e+00,4.244270108856666468e+01
4.488314976336666717e+01,8.769712468633331426e+00,5.016259789033333760e+01
4.596201688889999559e+01,7.588110578233333570e+00,4.846200972306667154e+01
5.186047114050000317e+01,-1.439319749699999873e+00,3.783641635023332839e+01
5.217936430573333695e+01,-1.941001044799999908e+00,3.728250138246666978e+01
5.069504017479999902e+01,-9.740629815000000358e-01,4.091467976370000059e+01
5.134220488449999920e+01,-8.680845800333334417e-01,3.975163296373333566e+01
5.044904425443333906e+01,-1.182041862383333353e+01,4.236794058023333065e+01
5.041388022393332591e+01,-1.123824845163333386e+01,4.262680515886666655e+01
4.475995047543333527e+01,9.417814727866664626e+00,5.066662309883332682e+01
5.050360247143333225e+01,-1.295644556626666599e+01,4.244420169576667234e+01
5.042860750406666170e+01,-1.244732163033333272e+01,4.279037436036666264e+01
5.106850022653333099e+01,-1.226203632699999879e+01,4.151183654043333604e+01
5.019871729996665977e+01,-1.411461260853333499e+01,4.299363446406666611e+01
4.664948509909999785e+01,8.499894804500000234e+00,4.789986917819999945e+01
4.971652159530000148e+01,-1.549022160403333181e+01,4.372044171413333657e+01
4.590982258713333408e+01,9.345934420366665663e+00,4.922727206306666403e+01
4.635353181600000738e+01,9.506240971599998701e+00,4.843963290280000678e+01
4.995943702316666446e+01,-1.589798427676666925e+01,4.317280256723333309e+01
5.151259082326666316e+01,-1.181182802013333344e+01,4.027919449496666715e+01
5.054307447326666392e+01,-1.449421879483333520e+01,4.232273543823333029e+01
5.165267654386666862e+01,-1.335589423206666737e+01,3.999230224816666635e+01
5.193420047476666923e+01,-1.302518585499999837e+01,3.953811972340000125e+01
5.264824879436665839e+01,-1.115934185706666604e+01,3.717303900023333085e+01
5.247722237050000871e+01,-1.139994853763333360e+01,3.843036999823333844e+01
5.056425771450000184e+01,-1.666817980583333281e+01,4.177873501243333720e+01
5.126963865473333470e+01,-1.456215304103333352e+01,4.096193236946666616e+01
5.115586816140000792e+01,-1.534704639233333445e+01,4.117229888556666850e+01
5.335338142449999310e+01,-1.086336355446666779e+01,3.589046130993333605e+01
5.322798675126666268e+01,-1.158488475566666587e+01,3.622142427220000371e+01
4.782673491826667345e+01,8.533611916366666605e+00,4.666585202470000127e+01
5.223825203553332841e+01,-1.339486065246666691e+01,3.910898782459999978e+01
4.726035524063333781e+01,9.374240611799999456e+00,4.725464445973333483e+01
5.322122975290000113e+01,-1.278044114200000081e+01,3.627669037269999563e+01
4.743159730166667032e+01,9.910517717866666132e+00,4.700262293529999624e+01
5.340310849040000107e+01,-1.225308445363333476e+01,3.597722711503333670e+01
5.150479099373333014e+01,7.226110310833333550e+00,3.958447922473333591e+01
5.155525494919999829e+01,7.690928259533333922e+00,3.913421917183333676e+01
4.817826912876666512e+01,8.882688678899999246e+00,4.613169164036666103e+01
4.827288719663332728e+01,9.571214812699999186e+00,4.591998860519999681e+01
5.102009407423332732e+01,8.220547178133333688e+00,4.044269629966666457e+01
5.132202111373333508e+01,7.431838905733333611e+00,4.021538171516667148e+01
5.057411852580000300e+01,9.807189099833331980e+00,4.105263352503333607e+01
5.119266072483333119e+01,8.953978650466668299e+00,4.012784412589999761e+01
5.122570263290000270e+01,1.058769932383333412e+01,4.010170153506666679e+01
5.053422839616666806e+01,1.111181920776666665e+01,4.131834716033333166e+01
5.038023767613333348e+01,1.166897104923333472e+01,4.187322826653333863e+01
