3.753100999489999623e+01,-1.786806097873333599e+01,5.616860993373333599e+01
3.879872725436666769e+01,-1.655511395099999916e+01,5.475613630180000513e+01
4.255354459766666508e+01,-1.588354885110000048e+01,5.090003739619999834e+01
4.057250384633333340e+01,-1.805194171160000138e+01,5.293884190923333222e+01
4.194364157083333566e+01,-1.758615903353333110e+01,5.147658079046666302e+01
4.466042852920000428e+01,-1.865878965623333485e+01,4.891888566716666986e+01
4.514334621009999893e+01,-1.813041799026666467e+01,4.829992852583333018e+01
4.625710242426666241e+01,-1.135051183386666729e+01,4.817794220240000413e+01
4.719354509629999939e+01,-1.557283918370000286e+01,4.629339746650000365e+01
4.730469405106666869e+01,-1.064897817453333317e+01,4.706532706333333493e+01
4.757625874053334059e+01,-1.388005966339999908e+01,4.603668495363333335e+01
4.949682546563332863e+01,-7.708815199066666679e+00,4.404568823420000712e+01
5.124428904856666378e+01,-6.799304423100000605e+00,4.101197958843332714e+01
3.732368057640000103e+01,-1.437584155333333591e+01,5.643359130366666676e+01
3.902542862646667032e+01,-3.164443184766666750e+00,5.511157399429999515e+01
3.849032026096666215e+01,-1.480643988286666435e+01,5.496914953919999647e+01
3.704769334080000220e+01,-5.153685099599999653e+00,5.798871541019999398e+01
3.824617956250000361e+01,-8.076199668100001006e+00,5.634871473090000649e+01
3.701216625949999894e+01,-6.310222273433333307e+00,5.819236059356666146e+01
3.897394879699999848e+01,-6.322001317000000009e-01,5.548232233826666970e+01
4.009280146263333222e+01,-8.063094520299999957e+00,5.441599807596666238e+01
4.154035476033333651e+01,-1.415713172873333292e+01,5.198279272810000151e+01
3.675518729969999754e+01,-3.620948795066666559e+00,5.843517804373332325e+01
4.203888244090000370e+01,-6.088304223366666434e+00,5.239833637846666647e+01
4.220059781206666827e+01,-4.191395918499999595e+00,5.221847407726667001e+01
4.003245439706666531e+01,5.443859091933333616e+00,5.436431207473333416e+01
4.299935207363333234e+01,3.762917064833333658e+00,5.122320654976666532e+01
3.925959088726666124e+01,6.818789041699999665e+00,5.523430404316666653e+01
4.110866590883333771e+01,8.097035273400001287e+00,5.351415028039999555e+01
4.223302999556666038e+01,6.610642564900000018e+00,5.235687257223333546e+01
4.643662972733333305e+01,-7.645057832100000006e+00,4.806141217216666206e+01
4.468200870493333099e+01,5.964036718733333409e+00,4.972896054783333142e+01
4.844726888509999441e+01,5.574175758666667369e-01,4.534230916290000124e+01
4.856910843280000023e+01,-6.346204334633333666e+00,4.553772421083333910e+01
4.846661949203333819e+01,-8.600323525733331920e+00,4.574722120243333734e+01
4.837192421333332959e+01,-5.444847058333333045e+00,4.596046294620000339e+01
4.936689146146667184e+01,-9.000396172533333683e+00,4.409218822959999784e+01
4.828234371689999449e+01,2.319171415833333416e+00,4.570259219039999721e+01
4.540477326006666914e+01,7.173944290433333038e+00,4.908740224740000002e+01
4.803662218526665839e+01,-1.739662275706666605e+01,4.546663617749999275e+01
5.112931361683333620e+01,-2.178134442300000195e+00,4.026047612830000588e+01
4.795894510073333095e+01,1.182814368700000118e+00,4.652248084463332845e+01
5.033993510580000219e+01,-5.803059982433332209e+00,4.237749525269999396e+01
4.995759400903332903e+01,-1.254734016539999963e+01,4.358943491626666855e+01
5.024302933866666621e+01,-9.822477742866666972e+00,4.313430433403332387e+01
4.849769998496666545e+01,-1.727632550896666430e+01,4.432741600099999602e+01
5.120480788569999930e+01,-7.950790702266666621e+00,4.119572579266667134e+01
5.175358744950000300e+01,1.953382884433333189e+00,3.790991523706667010e+01
5.144546569926666280e+01,-5.761074109199999960e+00,4.036647339730000539e+01
5.173449179726666358e+01,3.171885146933333122e+00,3.798252967133333158e+01
5.262097059533332555e+01,-7.770614748499999003e+00,3.727235047963333159e+01
5.245940824443332673e+01,-5.243188607433332926e+00,3.783238220563332987e+01
5.266688097893333520e+01,-6.267145989966667052e+00,3.715334425256666151e+01
5.135528920116666995e+01,2.868270544733333427e+00,3.976011563380000524e+01
5.142944956546666191e+01,4.026144461833333743e+00,3.952152807826666958e+01
5.081368490420000938e+01,5.047831980233333127e+00,4.080784490030000455e+01
5.317525057136666788e+01,-1.542883447643333206e+01,3.621095763633334030e+01
3.822584036163333110e+01,-1.121845785886666569e+01,5.591035678353333793e+01
3.790468084366666801e+01,-2.788622624600000321e+00,5.651984672160000400e+01
3.743041745040000023e+01,-1.210966279726666528e+01,5.690061282290000122e+01
3.738043469560000176e+01,-1.301414766223333253e+01,5.681210868963333382e+01
3.728755900806666546e+01,-2.252951943466666496e+00,5.789650639829999790e+01
3.703405224400000151e+01,-8.137203481333333821e-01,5.834198581463333966e+01
4.118850057629999384e+01,-9.356335331166667046e+00,5.322603502536666298e+01
3.894615348136667166e+01,6.007374438533332750e+00,5.554855234269999897e+01
4.154270381810000146e+01,2.882452749866666775e+00,5.307227327696666208e+01
3.852270252320000310e+01,7.404934752533333331e+00,5.641599663773333617e+01
4.269590210126666108e+01,2.699692624433333688e+00,5.184798416456666814e+01
4.142417744906666854e+01,4.477588371066666184e+00,5.315363137583333497e+01
4.410850038983333121e+01,-9.985426942999998667e-01,5.047687024593333405e+01
4.463509246480000314e+01,-1.043122462450000043e+01,4.983169059370001008e+01
4.442508794540000139e+01,1.227820952100000085e+00,5.011078442883333395e+01
4.491068753633333444e+01,-7.738633957400000263e+00,4.958258059699999620e+01
3.800025956590000220e+01,6.645013052999999559e+00,5.759401523606666728e+01
4.624340399443332927e+01,-5.185448263366667199e+00,4.826872578546666404e+01
4.655368887259999866e+01,-3.986777791466666443e+00,4.793802031796666796e+01
4.792530849363333800e+01,-2.106633971833333341e+00,4.656000821916666155e+01
4.833503558543333156e+01,-2.441009098099999886e+00,4.582741504526666176e+01
4.818992107549999560e+01,4.633696466666670233e-03,4.618021740433334088e+01
4.376318759929998947e+01,8.686413351233332136e+00,5.147149281256665887e+01
4.946901491316666721e+01,-2.511008061233333422e+00,4.357121178749999757e+01
5.006036552709999654e+01,-2.760881053400000340e+00,4.244270108856666468e+01
5.217936430573333695e+01,-1.941001044799999908e+00,3.728250138246666978e+01
5.134220488449999920e+01,-8.680845800333334417e-01,3.975163296373333566e+01
5.041388022393332591e+01,-1.123824845163333386e+01,4.262680515886666655e+01
4.475995047543333527e+01,9.417814727866664626e+00,5.066662309883332682e+01
5.042860750406666170e+01,-1.244732163033333272e+01,4.279037436036666264e+01
4.635353181600000738e+01,9.506240971599998701e+00,4.843963290280000678e+01
4.995943702316666446e+01,-1.589798427676666925e+01,4.317280256723333309e+01
5.054307447326666392e+01,-1.449421879483333520e+01,4.232273543823333029e+01
5.247722237050000871e+01,-1.139994853763333360e+01,3.843036999823333844e+01
5.056425771450000184e+01,-1.666817980583333281e+01,4.177873501243333720e+01
5.115586816140000792e+01,-1.534704639233333445e+01,4.117229888556666850e+01
5.340310849040000107e+01,-1.225308445363333476e+01,3.597722711503333670e+01
5.132202111373333508e+01,7.431838905733333611e+00,4.021538171516667148e+01
5.122570263290000270e+01,1.058769932383333412e+01,4.010170153506666679e+01
5.038023767613333348e+01,1.166897104923333472e+01,4.187322826653333863e+01
4.832773208618164062e+01,-9.888985633850097656e+00,4.555525207519531250e+01
4.521664047241210938e+01,-6.727986335754394531e+00,4.932363128662109375e+01
4.569618988037109375e+01,-1.056102943420410156e+01,4.869321823120117188e+01
4.284478378295898438e+01,4.881479740142822266e+00,5.143189239501953125e+01
4.257366943359375000e+01,8.788507461547851562e+00,5.238695144653320312e+01
3.972921752929687500e+01,8.079369544982910156e+00,5.509804153442382812e+01
4.024364852905273438e+01,4.162216663360595703e+00,5.425634002685546875e+01
4.017635345458984375e+01,-1.645644378662109375e+01,5.332154846191406250e+01
3.941407775878906250e+01,-1.139113616943359375e+01,5.429577636718750000e+01
3.732654571533203125e+01,-1.595368957519531250e+01,5.699969863891601562e+01
3.934230041503906250e+01,-7.758248329162597656e+00,5.518833160400390625e+01
3.548294830322265625e+01,-4.666215419769287109e+00,5.848417663574218750e+01
3.594872665405273438e+01,-8.319554328918457031e+00,5.832554244995117188e+01
4.236960601806640625e+01,-7.146117687225341797e+00,5.222196960449218750e+01
4.145613861083984375e+01,-3.491970539093017578e+00,5.302120590209960938e+01
4.345249557495117188e+01,-1.494442939758300781e+01,5.004146957397460938e+01
4.270893096923828125e+01,-1.125897789001464844e+01,5.077889251708984375e+01
4.579542541503906250e+01,-1.454842567443847656e+01,4.731275939941406250e+01
3.415436935424804688e+01,6.643153190612792969e+00,6.024820327758789062e+01
3.467683029174804688e+01,2.893139839172363281e+00,5.988187789916992188e+01
3.763879776000976562e+01,3.391324281692504883e+00,5.737052154541015625e+01
3.796604537963867188e+01,-2.864541113376617432e-01,5.665088653564453125e+01
4.063539886474609375e+01,4.692991971969604492e-01,5.368111801147460938e+01
3.741588211059570312e+01,7.365188598632812500e+00,5.812704467773437500e+01
4.532500839233398438e+01,5.700648784637451172e+00,4.854358673095703125e+01
4.557512664794921875e+01,9.756686210632324219e+00,4.988242721557617188e+01
4.719371795654296875e+01,-2.100990056991577148e+00,4.726783370971679688e+01
4.635582733154296875e+01,1.899355888366699219e+00,4.803517532348632812e+01
4.370150375366210938e+01,1.179888248443603516e+00,5.085078048706054688e+01
5.140675354003906250e+01,-1.730545425415039062e+01,4.014028549194335938e+01
5.255134201049804688e+01,-1.615666389465332031e+01,3.719593048095703125e+01
5.089798355102539062e+01,-1.319121360778808594e+01,4.178676986694335938e+01
4.840975952148437500e+01,6.781713485717773438e+00,4.603925704956054688e+01
4.885717773437500000e+01,2.908907890319824219e+00,4.486714172363281250e+01
5.069790649414062500e+01,-2.835096120834350586e-01,4.079495239257812500e+01
5.037369537353515625e+01,3.529482126235961914e+00,4.171497726440429688e+01
5.117372512817382812e+01,-4.065587520599365234e+00,4.029317474365234375e+01
5.249667358398437500e+01,-3.312081813812255859e+00,3.658885955810546875e+01
5.169520187377929688e+01,-8.341359138488769531e+00,3.901334381103515625e+01
5.319463729858398438e+01,-7.254577636718750000e+00,3.612349319458007812e+01
4.929398345947265625e+01,-1.208153963088989258e+00,4.426335525512695312e+01
5.161149978637695312e+01,3.467001616954803467e-01,3.748657608032226562e+01
4.968543624877929688e+01,-4.925656318664550781e+00,4.340097808837890625e+01
3.785626220703125000e+01,-2.071926116943359375e+01,5.577779388427734375e+01
3.588337326049804688e+01,-1.178928565979003906e+01,5.781702041625976562e+01
4.698614501953125000e+01,-1.843008804321289062e+01,4.643356704711914062e+01
4.343291091918945312e+01,-1.976719665527343750e+01,4.927463912963867188e+01
4.044202804565429688e+01,-1.987895011901855469e+01,5.285360336303710938e+01
4.433486938476562500e+01,-2.749844312667846680e+00,5.028613281250000000e+01
4.851849746704101562e+01,-1.376556205749511719e+01,4.439339447021484375e+01
3.860617446899414062e+01,-4.113559246063232422e+00,5.583946609497070312e+01
4.793663024902343750e+01,-5.942182064056396484e+00,4.661690139770507812e+01
3.515979003906250000e+01,-8.274555802345275879e-01,5.937413024902343750e+01
4.980637359619140625e+01,7.333848953247070312e+00,4.279587936401367188e+01
4.782267761230468750e+01,1.048850440979003906e+01,4.656183624267578125e+01
4.938673019409179688e+01,1.132624626159667969e+01,4.356911087036132812e+01
5.157450103759765625e+01,8.358732223510742188e+00,3.934578323364257812e+01
5.150143051147460938e+01,4.364238739013671875e+00,3.830783081054687500e+01
5.134981536865234375e+01,1.229974651336669922e+01,4.018249511718750000e+01
5.043836212158203125e+01,-8.976037025451660156e+00,4.255881881713867188e+01
5.249138641357421875e+01,-1.239303684234619141e+01,3.851532363891601562e+01
5.347565078735351562e+01,-1.133777904510498047e+01,3.522835159301757812e+01
4.900530242919921875e+01,-1.791048431396484375e+01,4.352083587646484375e+01
5.346136474609375000e+01,-1.517307567596435547e+01,3.402178573608398438e+01
3.844119468216666746e+01,-1.997583523313333487e+01,5.504332076299999699e+01
4.084191324796666578e+01,-1.419609139583333324e+01,5.267211353533332385e+01
4.308987240799999796e+01,6.344696884733333597e+00,5.118997567976666829e+01
5.141180238426667160e+01,-3.334303985433333395e+00,3.967397055863332866e+01
4.899067015450000184e+01,7.342990219133333163e+00,4.456660793266667042e+01
4.978573221859999620e+01,1.102441887253333341e+01,4.274098008789999881e+01
