4.082965928983333015e+01,-1.617417252023333063e+01,5.229989331760000226e+01
4.118508710710000287e+01,-1.520869262503333452e+01,5.197039769543332710e+01
3.769765346639999848e+01,-1.590913699516666746e+01,5.594559908653334190e+01
3.930883488583333474e+01,-1.501725677693333161e+01,5.418638341143333292e+01
3.797647388080000042e+01,-1.737295138903333225e+01,5.568731674909999896e+01
3.753100999489999623e+01,-1.786806097873333599e+01,5.616860993373333599e+01
3.854378117623333111e+01,-1.844008633426666677e+01,5.495568838433333525e+01
3.902501234596666535e+01,-1.738230564559999891e+01,5.462457907023333092e+01
3.879872725436666769e+01,-1.655511395099999916e+01,5.475613630180000513e+01
4.059877256786666777e+01,-1.734879546316666676e+01,5.292174938770000381e+01
3.932909677399999993e+01,-1.887770837316666572e+01,5.420225278699999905e+01
4.255354459766666508e+01,-1.588354885110000048e+01,5.090003739619999834e+01
4.182733331630000606e+01,-1.474919320296666569e+01,5.169790131389999743e+01
4.057250384633333340e+01,-1.805194171160000138e+01,5.293884190923333222e+01
4.021118048270000145e+01,-1.890229976870000073e+01,5.328138597366666573e+01
3.995704095236666831e+01,-1.955996688389999960e+01,5.347097837623334016e+01
4.221842898396666754e+01,-1.698444492299999808e+01,5.124542028413333128e+01
4.194364157083333566e+01,-1.758615903353333110e+01,5.147658079046666302e+01
4.146959774336666982e+01,-1.851114296280000104e+01,5.191335332036666728e+01
4.208874662553333224e+01,-1.854111427436666659e+01,5.104735814529999516e+01
4.110549433096667116e+01,-1.963053066893333209e+01,5.243785065756666341e+01
4.438837914783332650e+01,-1.553844289646666788e+01,4.899392895856666286e+01
4.432358808823332907e+01,-1.625562741170000081e+01,4.911504582456666412e+01
4.492267731496666983e+01,-1.543642238149999990e+01,4.845208320336666219e+01
4.450935438533333155e+01,-1.389240196503333458e+01,4.891162167253332882e+01
4.624117295643333136e+01,-1.312023586153333277e+01,4.714827258143333211e+01
4.619310319969999767e+01,-1.385788364350000101e+01,4.717357706783332816e+01
4.472492281613333631e+01,-1.732836225950000042e+01,4.881848967833332864e+01
4.648503790890000431e+01,-1.186240188379999871e+01,4.732342161213333043e+01
4.580042485323333068e+01,-1.591734682080000063e+01,4.769234615736666427e+01
4.466042852920000428e+01,-1.865878965623333485e+01,4.891888566716666986e+01
4.514334621009999893e+01,-1.813041799026666467e+01,4.829992852583333018e+01
4.764528650853333147e+01,-1.171012456973333293e+01,4.585199942086666169e+01
4.686744550003333387e+01,-1.501611719619999974e+01,4.658482112133333430e+01
4.618804111779999744e+01,-1.765464917859999971e+01,4.711670978936666643e+01
4.625710242426666241e+01,-1.135051183386666729e+01,4.817794220240000413e+01
4.719354509629999939e+01,-1.557283918370000286e+01,4.629339746650000365e+01
4.730469405106666869e+01,-1.064897817453333317e+01,4.706532706333333493e+01
4.757625874053334059e+01,-1.388005966339999908e+01,4.603668495363333335e+01
4.808602361643333012e+01,-1.303716233663333490e+01,4.537538471063333390e+01
4.840989979556667322e+01,-1.109961175519999976e+01,4.514178167323333213e+01
4.814635722246666205e+01,-9.010174366400001134e+00,4.636772551516666141e+01
4.908027956069999931e+01,-6.563535161499999937e+00,4.436427940323333274e+01
4.949682546563332863e+01,-7.708815199066666679e+00,4.404568823420000712e+01
4.801458394406666486e+01,-1.610111955576666887e+01,4.550108983679999852e+01
5.150090226320000397e+01,-5.290479974233333493e+00,3.943548819973332797e+01
5.147645391266667048e+01,-8.426849090499999306e+00,4.011571269963334174e+01
5.144539351926666626e+01,-7.817257743933333280e+00,4.054032260106666286e+01
5.124428904856666378e+01,-6.799304423100000605e+00,4.101197958843332714e+01
3.732368057640000103e+01,-1.437584155333333591e+01,5.643359130366666676e+01
3.763654843059999422e+01,-1.041804698023333309e+01,5.668845941366667063e+01
3.673371418233333685e+01,-8.751868983799999668e+00,5.771516637286666196e+01
3.920939279739999961e+01,-4.476616846899999835e+00,5.496190382096666127e+01
3.902542862646667032e+01,-3.164443184766666750e+00,5.511157399429999515e+01
3.711871329840000300e+01,-8.152824499800001234e+00,5.755434347483333113e+01
3.784837979856666834e+01,-7.602446098200000613e+00,5.671644059490000700e+01
3.835307191883332933e+01,-1.353208080553333303e+01,5.515273517606667042e+01
3.849032026096666215e+01,-1.480643988286666435e+01,5.496914953919999647e+01
3.735831092520000851e+01,-4.602097433299999096e+00,5.749438627293333326e+01
3.793087556823333273e+01,-5.000436900899999593e+00,5.660607266606666599e+01
3.704769334080000220e+01,-5.153685099599999653e+00,5.798871541019999398e+01
3.727547567736666423e+01,-3.889892978199999352e+00,5.790308179430000024e+01
3.853818867216666177e+01,-1.285065508743333140e+01,5.493003356596667430e+01
3.979364476769999470e+01,-1.415226210426666853e+01,5.360487518150000597e+01
3.755032855743333187e+01,-1.546935267753333143e+01,5.647637966903334217e+01
3.824617956250000361e+01,-8.076199668100001006e+00,5.634871473090000649e+01
3.840341795756666698e+01,-4.857854140933333120e+00,5.607976940896666207e+01
3.869989412206666657e+01,-5.464225080933332812e+00,5.582271830453333905e+01
3.725839834349999791e+01,-6.916064958300000676e+00,5.786791179989999279e+01
3.858228952423333169e+01,-1.001342979516666709e+01,5.600779593166667070e+01
3.701216625949999894e+01,-6.310222273433333307e+00,5.819236059356666146e+01
3.900954920973332918e+01,-1.378518259900000098e+00,5.544134778303333633e+01
3.855811104586666715e+01,-2.823228683333333655e-01,5.595393836276667088e+01
3.897394879699999848e+01,-6.322001317000000009e-01,5.548232233826666970e+01
3.516909364553333717e+01,2.302951848899999820e+00,5.929898842083333221e+01
3.919602820883333294e+01,2.278064852666666695e+00,5.507237561773333567e+01
4.009280146263333222e+01,-8.063094520299999957e+00,5.441599807596666238e+01
4.006186919943333891e+01,-5.418503135033333251e+00,5.443738367533333644e+01
4.037349918276666472e+01,-6.529387483633333211e+00,5.414093807783333290e+01
4.056979838923333403e+01,-4.593018727966666326e+00,5.391404344613334132e+01
3.841628909389999791e+01,7.186355909999999625e-01,5.610084226410000241e+01
4.154035476033333651e+01,-1.415713172873333292e+01,5.198279272810000151e+01
3.879664155683332893e+01,2.016476407200000320e+00,5.574080699926665972e+01
3.845157014326667166e+01,2.539979983533333652e+00,5.609804947536667186e+01
4.111209373319999827e+01,-5.712891836866666573e+00,5.322998180946666480e+01
4.119706610496666599e+01,-6.641729995299999523e+00,5.314812297326667334e+01
4.119124963826666175e+01,-2.620575244333333220e+00,5.330717135800000506e+01
4.199285839459999892e+01,-1.229695327360000157e+01,5.140000288310000087e+01
3.675518729969999754e+01,-3.620948795066666559e+00,5.843517804373332325e+01
4.203888244090000370e+01,-6.088304223366666434e+00,5.239833637846666647e+01
4.146549947110000289e+01,-8.059969884133332485e+00,5.300657937496666250e+01
3.968479793950000101e+01,1.221985752733333319e+00,5.473032276446667055e+01
4.220059781206666827e+01,-4.191395918499999595e+00,5.221847407726667001e+01
4.223588799323333376e+01,-3.278373249733333328e+00,5.224485793306666892e+01
4.126424351103333521e+01,-1.068082871199999895e+00,5.332201583140000167e+01
4.066001074753333455e+01,2.135868824266666355e+00,5.381573139886666723e+01
4.108748424146666878e+01,1.743723812100000048e+00,5.330666811716665876e+01
4.162619824333333440e+01,-8.755784694133332380e+00,5.279327109586666467e+01
3.827938743116666842e+01,3.866745165699999820e+00,5.635429378696667158e+01
4.221876002043332932e+01,4.558054953633333461e+00,5.158312956283333506e+01
4.241701152670000141e+01,3.863098491633333520e+00,5.166871051036665818e+01
3.733690212956666699e+01,2.575562137633333304e+00,5.797642135596666435e+01
4.307834223306665677e+01,-2.765123535133332755e+00,5.137778743323332975e+01
4.327217282149999988e+01,-3.430729971866666617e+00,5.120094424239999853e+01
4.254391418209999642e+01,-1.968291460733333276e+00,5.204144746163333224e+01
4.346233957519999791e+01,-5.693565242800000981e+00,5.108388643483333880e+01
4.333825848693333427e+01,-1.407590409656666708e+01,5.018786159670000302e+01
4.371665879633332707e+01,-1.363715916503333325e+01,4.978332800679999792e+01
4.027143771146666040e+01,6.077008610133333377e+00,5.417112988030000764e+01
4.142122721743333358e+01,5.732831924999999273e+00,5.301263625903333576e+01
4.003245439706666531e+01,5.443859091933333616e+00,5.436431207473333416e+01
4.369954460790000184e+01,3.092181113166666773e+00,5.057699527966666864e+01
4.299935207363333234e+01,3.762917064833333658e+00,5.122320654976666532e+01
3.984903444180000065e+01,6.806574964300000197e+00,5.466729182933332964e+01
4.592208640950000387e+01,-8.791576183100000108e+00,4.839272301873333504e+01
4.535828661720000810e+01,-8.765747214566667722e+00,4.887859538110000557e+01
3.925959088726666124e+01,6.818789041699999665e+00,5.523430404316666653e+01
3.889422561696667202e+01,7.569534940699999659e+00,5.569522472786667322e+01
4.110866590883333771e+01,8.097035273400001287e+00,5.351415028039999555e+01
4.223302999556666038e+01,6.610642564900000018e+00,5.235687257223333546e+01
4.529560455576666556e+01,-1.160965225239999832e+01,4.909909559769999987e+01
4.467469163979999536e+01,-1.192751726056666683e+01,4.939366014960000228e+01
4.366095894116667608e+01,7.037705538600000033e+00,5.049434975643333701e+01
4.369495109883333583e+01,5.424032533233333453e+00,5.087559622423333394e+01
4.468618550643333265e+01,3.899151361099999935e+00,4.981496605833333291e+01
4.405621342373333249e+01,2.472896265266666838e+00,5.052651401246667007e+01
4.643662972733333305e+01,-7.645057832100000006e+00,4.806141217216666206e+01
4.519669241583333275e+01,-1.088341984870000090e+01,4.925326819600000050e+01
4.882365846703333290e+01,-5.177675605666666847e+00,4.432970431516665855e+01
4.839744218900000305e+01,-4.550858477700000293e+00,4.522828906993333931e+01
4.864821589210000496e+01,-3.779494597800000744e+00,4.459389761060000268e+01
4.446024242280000038e+01,5.231521382466667092e+00,4.990676084573333782e+01
4.481581135016667616e+01,4.686978747133333734e+00,4.954359012733333856e+01
4.565539223913333444e+01,3.622373503566666653e+00,4.885157717503333430e+01
4.499970118760000304e+01,1.906003022333333297e+00,4.955190685566666531e+01
4.545189013603333450e+01,1.770806788666666520e+00,4.901659063500000002e+01
4.712871980829999785e+01,-4.979270341766667052e+00,4.734217822349999238e+01
4.468200870493333099e+01,5.964036718733333409e+00,4.972896054783333142e+01
4.958653577179999417e+01,1.242933121700000143e+00,4.258933144853332919e+01
4.359190475950000376e+01,7.579017204166665245e+00,5.098512821329999412e+01
4.588667449406667487e+01,6.441091716699999914e+00,4.811696505413333824e+01
4.893880064923333606e+01,-1.038680591183333313e+01,4.420370138599999876e+01
4.581064546956667272e+01,4.466903233933333439e+00,4.867811191636666734e+01
4.844726888509999441e+01,5.574175758666667369e-01,4.534230916290000124e+01
4.822409148130000034e+01,-6.490010547266666485e+00,4.626632008506666693e+01
4.856910843280000023e+01,-6.346204334633333666e+00,4.553772421083333910e+01
4.927344175866667086e+01,-5.768246822866665902e+00,4.411892133576666453e+01
4.981464284006667498e+01,-2.886545476666666984e-02,4.233400577193333447e+01
4.896114494956666618e+01,-8.626625772166667261e+00,4.457452947713333202e+01
4.846661949203333819e+01,-8.600323525733331920e+00,4.574722120243333734e+01
4.837192421333332959e+01,-5.444847058333333045e+00,4.596046294620000339e+01
4.888532361393333758e+01,-1.103698692056666708e+01,4.462581024563333898e+01
4.936689146146667184e+01,-9.000396172533333683e+00,4.409218822959999784e+01
4.690473942526667628e+01,3.815616553166666591e+00,4.765997562063333248e+01
5.165795514650000086e+01,1.262570892433333425e+00,3.771631289153333455e+01
5.037544328406666949e+01,-4.997135026166667160e+00,4.164791549780000679e+01
4.986655884953333384e+01,-4.055710699599999636e+00,4.272284171380000117e+01
4.828234371689999449e+01,2.319171415833333416e+00,4.570259219039999721e+01
4.908288280139999671e+01,-1.173131095046666594e+01,4.443877972796666853e+01
4.456296782716666627e+01,7.406422533733334035e+00,4.991286421489999725e+01
4.540477326006666914e+01,7.173944290433333038e+00,4.908740224740000002e+01
4.843966924270000618e+01,-3.219177671500000226e+00,4.565758441266666523e+01
5.017101576016667508e+01,-3.910075163300000156e+00,4.210123936789999988e+01
5.057638927063333512e+01,-2.859548641466666652e+00,4.139048197036666465e+01
5.071829179733333604e+01,-9.020115963366665213e+00,4.164140508243333016e+01
4.896076380130000416e+01,-1.505074464810000023e+01,4.440194025759999619e+01
4.930786526490000909e+01,-1.434677783463333434e+01,4.406242841000000254e+01
4.999240794846667058e+01,-6.651218498266666224e+00,4.328903989126666829e+01
4.803662218526665839e+01,-1.739662275706666605e+01,4.546663617749999275e+01
5.112931361683333620e+01,-2.178134442300000195e+00,4.026047612830000588e+01
4.999427034256666502e+01,-8.075652266266665436e+00,4.336997878103333193e+01
4.742935159876666518e+01,1.324434855166666702e+00,4.701578200410000363e+01
4.795894510073333095e+01,1.182814368700000118e+00,4.652248084463332845e+01
5.033993510580000219e+01,-5.803059982433332209e+00,4.237749525269999396e+01
4.965938203790000216e+01,-1.184358585070000025e+01,4.386798328553333448e+01
4.995759400903332903e+01,-1.254734016539999963e+01,4.358943491626666855e+01
5.024302933866666621e+01,-9.822477742866666972e+00,4.313430433403332387e+01
5.212660075933333559e+01,-5.026502020733333076e+00,3.842247351453332982e+01
5.031578969603333462e+01,-7.035965870833333469e+00,4.276411367383332873e+01
5.048793500529999534e+01,1.514437636433333401e+00,4.136539642549999485e+01
4.849769998496666545e+01,-1.727632550896666430e+01,4.432741600099999602e+01
4.890140874566666440e+01,-1.635568511176666462e+01,4.411835677376666354e+01
4.920158292043333148e+01,-1.572198921403333394e+01,4.417524045666666410e+01
4.950101400226666470e+01,-2.370489078333333222e-01,4.366624151123333064e+01
5.204678372366666395e+01,-2.714435130466666291e+00,3.754083118400000529e+01
5.120480788569999930e+01,-7.950790702266666621e+00,4.119572579266667134e+01
5.262268576873333359e+01,-1.033636297683333360e+01,3.698321667733333129e+01
4.966267398613333484e+01,3.346972950099999622e+00,4.324235399416667036e+01
5.134259964593334047e+01,-8.961416395100000543e+00,4.067915067109999683e+01
5.136586710293332914e+01,-9.688045307866666178e+00,4.063259008069999823e+01
5.160758611960000053e+01,-9.990739694766666901e+00,4.000880252973333739e+01
5.175358744950000300e+01,1.953382884433333189e+00,3.790991523706667010e+01
5.144546569926666280e+01,-5.761074109199999960e+00,4.036647339730000539e+01
5.173449179726666358e+01,3.171885146933333122e+00,3.798252967133333158e+01
5.028572698923333206e+01,2.768511179266666122e+00,4.198457150873333177e+01
5.295712735886667133e+01,-8.526860720166666852e+00,3.612106215143333543e+01
5.262097059533332555e+01,-7.770614748499999003e+00,3.727235047963333159e+01
5.245940824443332673e+01,-5.243188607433332926e+00,3.783238220563332987e+01
5.266688097893333520e+01,-6.267145989966667052e+00,3.715334425256666151e+01
4.833000457653332660e+01,4.895498157166667141e+00,4.586670141316667326e+01
4.943623114729999912e+01,4.570229114233333334e+00,4.362773188919999967e+01
4.840762668200000007e+01,6.084719457433333645e+00,4.556422636296667150e+01
5.013546100290000140e+01,5.335416797566666425e+00,4.242683116836666812e+01
5.118430032673333585e+01,3.919695811333333779e+00,4.021336188613333462e+01
5.147178301359999608e+01,3.280405396600000412e+00,3.915297005773333439e+01
5.135528920116666995e+01,2.868270544733333427e+00,3.976011563380000524e+01
5.118624508060000267e+01,5.194695193566666980e+00,3.946886703003332997e+01
5.124057979926666917e+01,5.858763178533333615e+00,3.896574880210000202e+01
5.094779868656667077e+01,6.125830454199999942e+00,4.013560041383333754e+01
5.142944956546666191e+01,4.026144461833333743e+00,3.952152807826666958e+01
4.934888773783333704e+01,5.770606292433332563e+00,4.394680539730000390e+01
5.081368490420000938e+01,5.047831980233333127e+00,4.080784490030000455e+01
5.099463291773333395e+01,6.726159958733333610e+00,4.049871397169999909e+01
5.262602143296666668e+01,-1.473824749786666644e+01,3.731007105146667158e+01
5.196972972220000742e+01,-1.551925568800000121e+01,3.946256088559999853e+01
5.164690316706666096e+01,-1.527132519319999915e+01,4.005315666239999928e+01
5.230920577356666712e+01,-1.529490443303333258e+01,3.876867210759999693e+01
5.232318879766666697e+01,-1.457515428833333182e+01,3.863505778576666927e+01
5.166738926970000279e+01,-1.459534082846666614e+01,4.025256614770000141e+01
4.935663083046666344e+01,8.554206097300001588e+00,4.380619370433333870e+01
4.991424450133333579e+01,8.781239247366665168e+00,4.252851098093333349e+01
5.317525057136666788e+01,-1.542883447643333206e+01,3.621095763633334030e+01
5.039044179533332368e+01,7.884511837533334067e+00,4.198381394003333611e+01
5.015862919953332977e+01,9.923398403200000217e+00,4.212776625580000456e+01
3.832867227273332844e+01,-1.175714857946666569e+01,5.541015868503333763e+01
3.822584036163333110e+01,-1.121845785886666569e+01,5.591035678353333793e+01
3.915780110966667138e+01,-1.206448242093333256e+01,5.436075486823333591e+01
3.630502636250000137e+01,-2.813254175199999541e+00,5.850735546410000865e+01
3.651250892376666712e+01,-1.462311568666666561e+00,5.846167234766667065e+01
3.790468084366666801e+01,-2.788622624600000321e+00,5.651984672160000400e+01
3.743041745040000023e+01,-1.210966279726666528e+01,5.690061282290000122e+01
3.738043469560000176e+01,-1.301414766223333253e+01,5.681210868963333382e+01
3.580642838623333546e+01,5.155543157333333237e-01,5.886691897649999561e+01
3.728755900806666546e+01,-2.252951943466666496e+00,5.789650639829999790e+01
4.074066284146666561e+01,-1.040322773276666801e+01,5.314594033753333946e+01
3.703405224400000151e+01,-8.137203481333333821e-01,5.834198581463333966e+01
4.174752345983333157e+01,-1.097133451216666877e+01,5.183460065169999353e+01
4.172725705506666571e+01,-1.023163169903333269e+01,5.213878477896667363e+01
4.231839330553333411e+01,-1.175818222569999882e+01,5.108021869153333228e+01
3.543089646349999811e+01,4.267553485433333016e+00,5.906817855066666567e+01
3.602093664173332854e+01,4.314069551366666921e+00,5.868389591569999908e+01
4.118850057629999384e+01,-9.356335331166667046e+00,5.322603502536666298e+01
4.227952414829999839e+01,-9.687488712766667120e+00,5.187000300630000282e+01
4.281979086436666648e+01,-9.916192804633332969e+00,5.142928183389999930e+01
3.530580663166666966e+01,5.465139691866666816e+00,5.914959669929999819e+01
3.513324046649999843e+01,6.268091505200000135e+00,5.938078746540000452e+01
4.155711294610000550e+01,2.159596899599999897e+00,5.294196929369999793e+01
4.328188634553333713e+01,-7.285906017500000331e+00,5.119389168189999850e+01
3.710939309473333481e+01,5.087409271866666138e+00,5.821380036699999749e+01
4.106656537536666463e+01,3.188512352533333427e+00,5.349165803630000227e+01
4.106813433509999101e+01,3.912105838166666683e+00,5.348507178500000236e+01
3.929661372149999465e+01,5.362010842933333521e+00,5.517472232329999571e+01
3.894615348136667166e+01,6.007374438533332750e+00,5.554855234269999897e+01
4.410308445976667002e+01,-1.163116748226666708e+01,4.987949065536667348e+01
4.419892876933332815e+01,-7.310137513566666634e+00,5.023979280266667047e+01
4.436304837160000147e+01,-7.959004512499999073e+00,5.002432859416666844e+01
4.384220425853333580e+01,-6.184889219533332927e+00,5.071025389603332911e+01
4.154270381810000146e+01,2.882452749866666775e+00,5.307227327696666208e+01
4.416239742470000351e+01,-1.086110724989999987e+01,5.016334850116666644e+01
4.381613626519999372e+01,-1.849538887966666545e+00,5.069159938666666676e+01
4.267130622276666685e+01,1.981789521499999873e+00,5.189684354143333422e+01
3.839211644010000413e+01,6.603815456766667147e+00,5.684529615359999610e+01
3.852270252320000310e+01,7.404934752533333331e+00,5.641599663773333617e+01
3.702283929793333073e+01,6.400416525833333203e+00,5.832865971109999492e+01
4.269590210126666108e+01,2.699692624433333688e+00,5.184798416456666814e+01
4.474656793406666111e+01,-7.089766958466666047e+00,4.979804480549999113e+01
4.142417744906666854e+01,4.477588371066666184e+00,5.315363137583333497e+01
4.389411472673333492e+01,-2.044693152000000291e-01,5.066056019563333024e+01
4.410850038983333121e+01,-9.985426942999998667e-01,5.047687024593333405e+01
4.463509246480000314e+01,-1.043122462450000043e+01,4.983169059370001008e+01
4.445929141679999930e+01,5.073384435000000137e-01,5.007069612706666817e+01
4.442508794540000139e+01,1.227820952100000085e+00,5.011078442883333395e+01
4.491068753633333444e+01,-7.738633957400000263e+00,4.958258059699999620e+01
4.505345373420001209e+01,-2.199095577833333426e+00,4.940605832040000678e+01
4.475660718303333141e+01,-9.065640121666667106e-01,4.982098425579999912e+01
4.487711714299999954e+01,-3.677917216500000475e+00,4.969547516749999971e+01
3.800025956590000220e+01,6.645013052999999559e+00,5.759401523606666728e+01
4.624340399443332927e+01,-5.185448263366667199e+00,4.826872578546666404e+01
4.655368887259999866e+01,-3.986777791466666443e+00,4.793802031796666796e+01
4.574047943136667271e+01,-1.256374981733333174e+00,4.885701289296665806e+01
4.581373726629999510e+01,7.409268164666666934e-01,4.873735659453333824e+01
4.626005264170000686e+01,1.060731798233333301e+00,4.824820672940000321e+01
4.726522272300000083e+01,-2.959023484799999881e+00,4.715598535383333001e+01
4.666626342379999670e+01,6.381815348000000609e-01,4.784008877536666660e+01
4.792530849363333800e+01,-2.106633971833333341e+00,4.656000821916666155e+01
4.714502436750000669e+01,6.874574777666667691e-01,4.730593740216666987e+01
4.314216747976666966e+01,8.564709838433332223e+00,5.195872863973333011e+01
4.392374663433332671e+01,8.219910622666667166e+00,5.090495595146666119e+01
4.436270976636666319e+01,8.137580992600000229e+00,5.032967185670000276e+01
4.833503558543333156e+01,-2.441009098099999886e+00,4.582741504526666176e+01
4.839528863329999808e+01,-1.062733666933333376e+00,4.560911487759999972e+01
4.809717186666666322e+01,-8.129008565000001019e-01,4.622410117996667367e+01
4.818992107549999560e+01,4.633696466666670233e-03,4.618021740433334088e+01
4.376318759929998947e+01,8.686413351233332136e+00,5.147149281256665887e+01
4.952564128699999202e+01,-8.627736129333333226e-01,4.329528684843333508e+01
4.946901491316666721e+01,-2.511008061233333422e+00,4.357121178749999757e+01
5.006036552709999654e+01,-2.760881053400000340e+00,4.244270108856666468e+01
4.488314976336666717e+01,8.769712468633331426e+00,5.016259789033333760e+01
5.186047114050000317e+01,-1.439319749699999873e+00,3.783641635023332839e+01
5.217936430573333695e+01,-1.941001044799999908e+00,3.728250138246666978e+01
5.134220488449999920e+01,-8.680845800333334417e-01,3.975163296373333566e+01
5.041388022393332591e+01,-1.123824845163333386e+01,4.262680515886666655e+01
4.475995047543333527e+01,9.417814727866664626e+00,5.066662309883332682e+01
5.042860750406666170e+01,-1.244732163033333272e+01,4.279037436036666264e+01
5.106850022653333099e+01,-1.226203632699999879e+01,4.151183654043333604e+01
5.019871729996665977e+01,-1.411461260853333499e+01,4.299363446406666611e+01
4.664948509909999785e+01,8.499894804500000234e+00,4.789986917819999945e+01
4.971652159530000148e+01,-1.549022160403333181e+01,4.372044171413333657e+01
4.590982258713333408e+01,9.345934420366665663e+00,4.922727206306666403e+01
4.635353181600000738e+01,9.506240971599998701e+00,4.843963290280000678e+01
4.995943702316666446e+01,-1.589798427676666925e+01,4.317280256723333309e+01
5.151259082326666316e+01,-1.181182802013333344e+01,4.027919449496666715e+01
5.054307447326666392e+01,-1.449421879483333520e+01,4.232273543823333029e+01
5.264824879436665839e+01,-1.115934185706666604e+01,3.717303900023333085e+01
5.247722237050000871e+01,-1.139994853763333360e+01,3.843036999823333844e+01
5.056425771450000184e+01,-1.666817980583333281e+01,4.177873501243333720e+01
5.126963865473333470e+01,-1.456215304103333352e+01,4.096193236946666616e+01
5.115586816140000792e+01,-1.534704639233333445e+01,4.117229888556666850e+01
5.335338142449999310e+01,-1.086336355446666779e+01,3.589046130993333605e+01
5.322798675126666268e+01,-1.158488475566666587e+01,3.622142427220000371e+01
4.782673491826667345e+01,8.533611916366666605e+00,4.666585202470000127e+01
4.743159730166667032e+01,9.910517717866666132e+00,4.700262293529999624e+01
5.340310849040000107e+01,-1.225308445363333476e+01,3.597722711503333670e+01
5.155525494919999829e+01,7.690928259533333922e+00,3.913421917183333676e+01
4.817826912876666512e+01,8.882688678899999246e+00,4.613169164036666103e+01
4.827288719663332728e+01,9.571214812699999186e+00,4.591998860519999681e+01
5.102009407423332732e+01,8.220547178133333688e+00,4.044269629966666457e+01
5.132202111373333508e+01,7.431838905733333611e+00,4.021538171516667148e+01
5.057411852580000300e+01,9.807189099833331980e+00,4.105263352503333607e+01
5.119266072483333119e+01,8.953978650466668299e+00,4.012784412589999761e+01
5.122570263290000270e+01,1.058769932383333412e+01,4.010170153506666679e+01
5.053422839616666806e+01,1.111181920776666665e+01,4.131834716033333166e+01
5.038023767613333348e+01,1.166897104923333472e+01,4.187322826653333863e+01
4.832773208618164062e+01,-9.888985633850097656e+00,4.555525207519531250e+01
4.521664047241210938e+01,-6.727986335754394531e+00,4.932363128662109375e+01
4.569618988037109375e+01,-1.056102943420410156e+01,4.869321823120117188e+01
4.284478378295898438e+01,4.881479740142822266e+00,5.143189239501953125e+01
4.257366943359375000e+01,8.788507461547851562e+00,5.238695144653320312e+01
3.972921752929687500e+01,8.079369544982910156e+00,5.509804153442382812e+01
4.024364852905273438e+01,4.162216663360595703e+00,5.425634002685546875e+01
4.017635345458984375e+01,-1.645644378662109375e+01,5.332154846191406250e+01
3.941407775878906250e+01,-1.139113616943359375e+01,5.429577636718750000e+01
3.732654571533203125e+01,-1.595368957519531250e+01,5.699969863891601562e+01
3.934230041503906250e+01,-7.758248329162597656e+00,5.518833160400390625e+01
3.548294830322265625e+01,-4.666215419769287109e+00,5.848417663574218750e+01
3.594872665405273438e+01,-8.319554328918457031e+00,5.832554244995117188e+01
4.236960601806640625e+01,-7.146117687225341797e+00,5.222196960449218750e+01
4.145613861083984375e+01,-3.491970539093017578e+00,5.302120590209960938e+01
4.345249557495117188e+01,-1.494442939758300781e+01,5.004146957397460938e+01
4.270893096923828125e+01,-1.125897789001464844e+01,5.077889251708984375e+01
4.579542541503906250e+01,-1.454842567443847656e+01,4.731275939941406250e+01
3.415436935424804688e+01,6.643153190612792969e+00,6.024820327758789062e+01
3.467683029174804688e+01,2.893139839172363281e+00,5.988187789916992188e+01
3.763879776000976562e+01,3.391324281692504883e+00,5.737052154541015625e+01
3.796604537963867188e+01,-2.864541113376617432e-01,5.665088653564453125e+01
4.063539886474609375e+01,4.692991971969604492e-01,5.368111801147460938e+01
3.741588211059570312e+01,7.365188598632812500e+00,5.812704467773437500e+01
4.532500839233398438e+01,5.700648784637451172e+00,4.854358673095703125e+01
4.557512664794921875e+01,9.756686210632324219e+00,4.988242721557617188e+01
4.719371795654296875e+01,-2.100990056991577148e+00,4.726783370971679688e+01
4.635582733154296875e+01,1.899355888366699219e+00,4.803517532348632812e+01
4.370150375366210938e+01,1.179888248443603516e+00,5.085078048706054688e+01
5.140675354003906250e+01,-1.730545425415039062e+01,4.014028549194335938e+01
5.255134201049804688e+01,-1.615666389465332031e+01,3.719593048095703125e+01
5.089798355102539062e+01,-1.319121360778808594e+01,4.178676986694335938e+01
4.840975952148437500e+01,6.781713485717773438e+00,4.603925704956054688e+01
4.885717773437500000e+01,2.908907890319824219e+00,4.486714172363281250e+01
5.069790649414062500e+01,-2.835096120834350586e-01,4.079495239257812500e+01
5.037369537353515625e+01,3.529482126235961914e+00,4.171497726440429688e+01
5.117372512817382812e+01,-4.065587520599365234e+00,4.029317474365234375e+01
5.249667358398437500e+01,-3.312081813812255859e+00,3.658885955810546875e+01
5.169520187377929688e+01,-8.341359138488769531e+00,3.901334381103515625e+01
5.319463729858398438e+01,-7.254577636718750000e+00,3.612349319458007812e+01
4.929398345947265625e+01,-1.208153963088989258e+00,4.426335525512695312e+01
5.161149978637695312e+01,3.467001616954803467e-01,3.748657608032226562e+01
4.968543624877929688e+01,-4.925656318664550781e+00,4.340097808837890625e+01
3.785626220703125000e+01,-2.071926116943359375e+01,5.577779388427734375e+01
3.588337326049804688e+01,-1.178928565979003906e+01,5.781702041625976562e+01
4.698614501953125000e+01,-1.843008804321289062e+01,4.643356704711914062e+01
4.343291091918945312e+01,-1.976719665527343750e+01,4.927463912963867188e+01
4.044202804565429688e+01,-1.987895011901855469e+01,5.285360336303710938e+01
4.433486938476562500e+01,-2.749844312667846680e+00,5.028613281250000000e+01
4.851849746704101562e+01,-1.376556205749511719e+01,4.439339447021484375e+01
3.860617446899414062e+01,-4.113559246063232422e+00,5.583946609497070312e+01
4.793663024902343750e+01,-5.942182064056396484e+00,4.661690139770507812e+01
3.515979003906250000e+01,-8.274555802345275879e-01,5.937413024902343750e+01
4.980637359619140625e+01,7.333848953247070312e+00,4.279587936401367188e+01
4.782267761230468750e+01,1.048850440979003906e+01,4.656183624267578125e+01
4.938673019409179688e+01,1.132624626159667969e+01,4.356911087036132812e+01
5.157450103759765625e+01,8.358732223510742188e+00,3.934578323364257812e+01
5.150143051147460938e+01,4.364238739013671875e+00,3.830783081054687500e+01
5.134981536865234375e+01,1.229974651336669922e+01,4.018249511718750000e+01
5.043836212158203125e+01,-8.976037025451660156e+00,4.255881881713867188e+01
5.249138641357421875e+01,-1.239303684234619141e+01,3.851532363891601562e+01
5.347565078735351562e+01,-1.133777904510498047e+01,3.522835159301757812e+01
4.900530242919921875e+01,-1.791048431396484375e+01,4.352083587646484375e+01
5.346136474609375000e+01,-1.517307567596435547e+01,3.402178573608398438e+01
3.844119468216666746e+01,-1.997583523313333487e+01,5.504332076299999699e+01
4.108520614799999748e+01,-1.699575104146666504e+01,5.238333141150000216e+01
4.203057941150000687e+01,-1.617259442513333312e+01,5.139589515710000001e+01
4.238496864963333621e+01,-1.476853593689999933e+01,5.110653208490000310e+01
4.315807234656666225e+01,-1.769150393936666532e+01,5.036869605323332877e+01
4.301486321720000205e+01,-1.842287910893333347e+01,5.048720140386666344e+01
4.403612580106666741e+01,-1.498592314569999928e+01,4.937092668569999887e+01
4.358198857886666389e+01,-1.882572950346666474e+01,4.996810376369999318e+01
4.406259644939999731e+01,-1.839280113633333258e+01,4.950571923253333040e+01
4.562343406069999929e+01,-1.207634390619999998e+01,4.858442618743333696e+01
4.548417842353333640e+01,-1.701162942563333047e+01,4.794725089306666632e+01
4.739402404940000224e+01,-1.238220781033333395e+01,4.611659995163333292e+01
4.686029850653333284e+01,-8.858913302166667947e+00,4.761498363790000354e+01
4.688367856139999645e+01,-8.078551934366666742e+00,4.756476413183333563e+01
4.708639812639999178e+01,-1.765205238723333636e+01,4.631571848780000522e+01
4.831301792360000036e+01,-1.440645333686666696e+01,4.515448098230000795e+01
5.218608755506667052e+01,-6.677876282533333097e+00,3.811041540389999938e+01
4.845827426639999658e+01,-1.592294256536666630e+01,4.497971917560000321e+01
5.150036791400000169e+01,-6.821446722600000179e+00,3.970763799489999712e+01
5.179115108429999736e+01,-5.575141170033333538e+00,3.884095924843332881e+01
3.735872410180000003e+01,-1.481158887333333452e+00,5.671165956663333674e+01
3.758597403926666658e+01,-9.150071039100000192e+00,5.677041565273333390e+01
3.688149901733333280e+01,-1.095486534746666507e+01,5.729056062956666295e+01
3.646581744853333618e+01,-5.190964029433332350e+00,5.852319440546667551e+01
3.690953567479999720e+01,-7.598162226500000394e+00,5.803219177936666284e+01
3.769135493906666312e+01,-5.685239714499999764e+00,5.705139857879999710e+01
3.855888427763333226e+01,-6.303074285700000168e+00,5.605781798573332964e+01
3.816254760929999890e+01,-3.469835004866666850e+00,5.628817285289999717e+01
3.896346305080000150e+01,-9.504346661533332963e+00,5.558945745983333353e+01
3.902629830989999959e+01,-6.852686244533333415e+00,5.558989215726666089e+01
4.016742983716665805e+01,-2.427508127766666579e+00,5.425870323436666354e+01
3.739713106849999491e+01,-1.509933252766666456e+00,5.748699174449999560e+01
4.103825309413333144e+01,-1.255258747423333254e+01,5.246737839916666957e+01
4.084191324796666578e+01,-1.419609139583333324e+01,5.267211353533332385e+01
3.874560816479999659e+01,-1.067794032663333326e+01,5.574025619249999863e+01
3.878134760399999692e+01,1.222105131800000022e+00,5.573889266133333109e+01
3.767536930133333328e+01,1.438662270866666759e+00,5.734241496389999071e+01
4.076712100333332955e+01,-6.955352626499998969e+00,5.369538105440000209e+01
4.017024499569999563e+01,-9.726638548000000384e+00,5.419836055383333218e+01
4.145682817803333364e+01,-1.212961496333333322e+01,5.198948750899999283e+01
4.155518462976667138e+01,-5.334512827000000179e+00,5.280525809436667117e+01
4.164500478069999900e+01,-4.569953779233332902e+00,5.276467940406666912e+01
4.088360003800000442e+01,-1.597832885233333222e+00,5.371410716009999220e+01
4.281333065066667132e+01,-1.289305020620000164e+01,5.058777763340000178e+01
4.099044886460000470e+01,-3.601253850333333006e-01,5.352096201690000044e+01
4.220909115473333628e+01,-8.784646335399999728e+00,5.220611316563333304e+01
4.260725184946667099e+01,-8.188194734333334779e+00,5.188647950843333234e+01
3.940725637429999750e+01,3.477669689366666095e+00,5.511977541776666811e+01
4.202823227056666866e+01,-1.973078163966666798e+00,5.259745334366667180e+01
4.183037747953333252e+01,-5.767189763333332303e-02,5.261267324913333709e+01
4.284757493053333377e+01,-4.548463794666666726e-01,5.160953788186666458e+01
4.209866850343333766e+01,3.247109881166666323e+00,5.201375162083333947e+01
4.365426265893332669e+01,-1.224066948230000129e+01,5.005820324346666439e+01
4.294764272443333653e+01,-1.477788052233333316e+00,5.166032355213332750e+01
4.403987802646667404e+01,3.747551292533332745e+00,5.017764785380000347e+01
4.013043179906666325e+01,7.472185445300000062e+00,5.439541599733333754e+01
4.074082352660000339e+01,7.444486499566667526e+00,5.377604233783333143e+01
4.308987240799999796e+01,6.344696884733333597e+00,5.118997567976666829e+01
4.515974497466666548e+01,-9.400717009066665852e+00,4.922403213953333534e+01
4.200457454786666744e+01,5.882234612699999587e+00,5.251075431553334028e+01
4.503481517673333201e+01,3.372382958733334046e+00,4.943053700843333331e+01
4.599667806229999911e+01,-6.388768870999999905e+00,4.851942397469999690e+01
4.712993165523332806e+01,-6.490041303066665712e+00,4.728475571563333801e+01
4.604824626230000462e+01,3.133869075499999823e+00,4.835241719263333238e+01
4.588047575976666081e+01,2.304202742099999757e+00,4.848427656423333332e+01
4.672744477029999643e+01,-5.491774606366665701e+00,4.778235264959999995e+01
4.531969425089999959e+01,5.004740075133334187e+00,4.898569581876666490e+01
4.853292689880000665e+01,1.557665751933333453e+00,4.459187121493332739e+01
4.737120550179999867e+01,-3.819700304800000001e+00,4.705805661049999600e+01
4.846487726166666477e+01,-7.834638875033332006e+00,4.574499378666666871e+01
5.109868721343332965e+01,-5.127962569766666867e+00,4.061366357713333741e+01
4.872028992029999728e+01,-1.242028196113333394e+01,4.480542305393333891e+01
5.129613734930000390e+01,5.917198122333333643e-01,3.861671423920000024e+01
5.126539823780000660e+01,-2.467363919999999711e-01,3.932896596860000926e+01
5.084791201576666708e+01,-3.393861856033332902e+00,4.075027862833332648e+01
5.223331541980000026e+01,-1.020600557096666527e+01,3.800756389263332835e+01
4.920226567716667176e+01,-1.351142891346666630e+01,4.417244742703334026e+01
4.762623936523333867e+01,2.834391472666666800e+00,4.685792467059999922e+01
5.078696005623334031e+01,-1.809208393133333592e+00,4.081670791106666485e+01
5.149654761433333761e+01,-2.082489648199999710e+00,3.900470724056666683e+01
5.207251074859999562e+01,-3.974064354999999882e-01,3.758491308880000048e+01
5.141180238426667160e+01,-3.334303985433333395e+00,3.967397055863332866e+01
5.200080684436667156e+01,-4.248900700566667687e+00,3.831717043046666760e+01
5.145396546970000173e+01,-4.551802754833333076e+00,3.972684223293332906e+01
4.633559149483333073e+01,6.974119647866666050e+00,4.800505276976667091e+01
4.944706679343332922e+01,1.509298061466666674e+00,4.370696519030000360e+01
5.108760600213332737e+01,1.736455010100000029e+00,4.031094094290000385e+01
5.033388533179999769e+01,-7.769214859499999015e+00,4.277988900340000100e+01
5.213618234289999265e+01,-8.706393698399999437e+00,3.830173183899999145e+01
5.231646721663333466e+01,-7.932962860033332397e+00,3.796159898126666121e+01
5.269946966556666013e+01,-5.672872458166666298e+00,3.664567633479999387e+01
4.931065227593332878e+01,3.310214971966666919e+00,4.391682945330000365e+01
5.149745330746666383e+01,1.937802061666666686e+00,3.909989099956666792e+01
5.251862016853332449e+01,-4.660567914466667183e+00,3.732649896536666034e+01
4.888492093376666503e+01,4.147086976033333094e+00,4.490422649056667836e+01
4.921633927450000101e+01,4.060448205533333521e+00,4.419215189789999698e+01
5.038071679253332746e+01,2.023941095699999693e+00,4.186304025426667152e+01
4.869447549926666596e+01,4.854329297400000520e+00,4.519746801753333187e+01
5.033232656929999393e+01,4.257378679033333668e+00,4.199437451053333348e+01
5.125130775669999394e+01,6.414134836833333964e+00,3.941872264790000457e+01
4.896454607839999795e+01,5.985502731166666202e+00,4.459227160683332869e+01
4.899067015450000184e+01,7.342990219133333163e+00,4.456660793266667042e+01
5.111017264636666368e+01,-1.112139050270000062e+01,4.123338043269999531e+01
4.848883881746667157e+01,9.268063654699998821e+00,4.457381388920000376e+01
4.947031151790000081e+01,6.924505153733332641e+00,4.381268616793332882e+01
5.328427020470000031e+01,-1.003748241609999958e+01,3.609091575066667446e+01
5.311946915336665853e+01,-1.411650112066666729e+01,3.638364745283333690e+01
3.672754528639999450e+01,-2.238991689533333496e+00,5.843252580066666724e+01
3.744631312479999963e+01,-2.764969687766666961e+00,5.731823826720000170e+01
4.018478068150000126e+01,-1.039477257806666621e+01,5.384589850729999938e+01
4.085161743613333130e+01,-1.111603549523333356e+01,5.273490611940000150e+01
3.677647701493332733e+01,4.531564199999998238e-02,5.838060803673332799e+01
4.204244255896666260e+01,1.698639388600000188e+00,5.241614832813333891e+01
3.794114994770000493e+01,5.053680332133333231e+00,5.731318085749999369e+01
3.705231052163333061e+01,3.820267099900000130e+00,5.827634562316666234e+01
4.346844779263333436e+01,-8.547589935499999569e+00,5.092782451206667105e+01
3.845020212796666925e+01,5.957001041766666560e+00,5.643877254326665849e+01
4.373876177483333549e+01,-6.940188500000000538e+00,5.074517810393333406e+01
4.369510331699999739e+01,-1.051007340906666521e+01,5.067787640470000810e+01
4.373852177716666034e+01,-9.703014614933332282e+00,5.073290645873333915e+01
4.311872989529999955e+01,1.598593052033333350e+00,5.150637447116667289e+01
4.464668736733333532e+01,-9.558184572166666726e+00,4.980312822596666678e+01
3.757161114693332848e+01,6.128251131299999876e+00,5.796309778716666727e+01
4.516564263149999903e+01,-1.461352094966666515e+00,4.936099863436666624e+01
4.552160603503333647e+01,-4.194152939399999447e+00,4.897993458810000078e+01
4.580175180936666379e+01,-5.669055856933333359e+00,4.865516059779999836e+01
4.609348465900000491e+01,-4.411493546500000029e+00,4.838961824606666795e+01
4.505671513126666383e+01,3.425732717333333510e-01,4.957212100043333436e+01
4.606017713693333349e+01,-2.769930859400000056e+00,4.847667742059999796e+01
4.765186803290000483e+01,-1.388354371500000184e+00,4.677276721913333546e+01
4.872093977906666851e+01,-2.086969214466666500e+00,4.476226439730000806e+01
4.906987777620000202e+01,-2.636601981900000169e+00,4.433322313196666897e+01
5.011986099750000534e+01,-9.822853613666667760e-01,4.210630223606666078e+01
4.918425274806666181e+01,-1.693555847829999905e+01,4.355884940909999870e+01
5.043663225966667341e+01,-5.943333774333333652e-01,4.151438885796666511e+01
5.009523150243333589e+01,-1.116139714343333367e+01,4.332778730826666447e+01
4.611005177189999671e+01,8.211619171333333966e+00,4.838381679430000304e+01
5.137648073226666412e+01,-1.621246904500000197e+00,3.959076124469999769e+01
4.983817694809999921e+01,-1.462682657386666563e+01,4.361699026143332958e+01
4.972734235069999187e+01,-1.670962525330000048e+01,4.306809394509999578e+01
5.141651448006666669e+01,-1.232106207813333221e+01,4.077095498666667339e+01
5.042544954926666634e+01,-1.541419543290000149e+01,4.239845208870000448e+01
5.071811344689999856e+01,-1.578965632279999909e+01,4.175950463146666891e+01
5.049607976979999791e+01,9.180147059533334541e+00,4.148962319976666890e+01
5.091208474443333643e+01,9.788797563200001051e+00,4.036878695473333067e+01
4.978573221859999620e+01,1.102441887253333341e+01,4.274098008789999881e+01
4.917380959286666808e+01,1.070969978870000006e+01,4.418344632906666902e+01
5.048741973519999959e+01,1.035703599029999999e+01,4.153965097366666726e+01
5.093454507523333064e+01,1.136087407793333348e+01,4.056424429203332949e+01
